19.676923751831055	0.9999846545319762	-0.00011781949274881941	0.21857830232589603	0.00011781949274881941	0.9999846545319762	-0.1657213085761191
19.562959671020508	1.0000169976915965	-8.07885556028509e-05	0.18553298684374667	8.07885556028509e-05	1.0000169976915965	-0.1441708152879127
19.412994384765625	0.9999871413108139	-4.636509546032244e-05	0.1987564117705942	4.636509546032244e-05	0.9999871413108139	-0.09307343815873648
19.18935775756836	1.0000280783611857	4.086642613612714e-06	0.010998568585881625	-4.086642613612714e-06	1.0000280783611857	-0.06325829689351978
19.22011375427246	1.0000204432682043	-4.924890806150727e-06	0.024818191194609266	4.924890806150727e-06	1.0000204432682043	-0.08485633049934195
19.184112548828125	1.0000018373867618	1.783117909674522e-05	0.07433671302425186	-1.783117909674522e-05	1.0000018373867618	-0.0632970523383557
19.319534301757812	0.9999920565384622	2.7229211722420947e-06	0.14156060533560727	-2.7229211722420947e-06	0.9999920565384622	-0.06574749590122374
19.43063735961914	0.9999801151226259	1.8888242788748825e-05	0.1531446772352811	-1.8888242788748825e-05	0.9999801151226259	-0.01989677260333116
18.917560577392578	1.000034329347927	1.871523883490414e-05	0.004250583457618845	-1.871523883490414e-05	1.000034329347927	0.002503923580501711
19.90675926208496	1.000067708724351	6.50485340710014e-05	-0.4440797570934474	-6.50485340710014e-05	1.000067708724351	0.05459246669184343
19.567251205444336	1.0000588147180538	7.149714652979269e-05	-0.20037816444246256	-7.149714652979269e-05	1.0000588147180538	0.04808009052960377
19.164323806762695	0.9999343570079444	8.819983732971254e-05	0.1162009079295676	-8.819983732971254e-05	0.9999343570079444	0.09424599167986542
20.145654678344727	0.9999312973998646	7.711975642216875e-05	0.5916888124291045	-7.711975642216875e-05	0.9999312973998646	0.10312839259825228
19.98138427734375	1.0000021514346191	-2.738790471427252e-07	0.43207308776669273	2.738790471427252e-07	1.0000021514346191	0.026789221973983056
21.289348602294922	1.0000122022967537	-2.009707704504708e-05	0.018719960103749815	2.009707704504708e-05	1.0000122022967537	0.005372513786918155
19.09327507019043	1.0000288399582895	-3.714607659369077e-06	-0.0442907288952551	3.714607659369077e-06	1.0000288399582895	-0.0047931225696560865
19.653797149658203	1.0000076822376913	2.712619321885764e-05	-0.22147229167504273	-2.712619321885764e-05	1.0000076822376913	0.00809250341532477
19.614696502685547	1.0000360978638019	1.1819668816169266e-06	-0.30819289424692287	-1.1819668816169266e-06	1.0000360978638019	0.0040426636339153665
19.09351348876953	1.0000174446550611	5.652020637344452e-05	0.025255925810683158	-5.652020637344452e-05	1.0000174446550611	0.03578073669412368
19.75393295288086	0.9999473291167964	2.783625911996154e-05	0.4036934755920679	-2.783625911996154e-05	0.9999473291167964	0.01963928339701232
19.48380470275879	1.000040150922967	-1.6811261681024217e-06	0.16165906780845213	1.6811261681024217e-06	1.000040150922967	-0.024694650010571827
19.504785537719727	0.9999785950755097	8.257542634947741e-05	0.22179931960251656	-8.257542634947741e-05	0.9999785950755097	0.03472538786709055
19.693851470947266	1.0000405439103726	1.681871731702486e-05	0.20926994028578982	-1.681871731702486e-05	1.0000405439103726	-0.0710675430433763
19.56486701965332	0.999969734710364	-3.4116564621520745e-05	0.29436452174897515	3.4116564621520745e-05	0.999969734710364	-0.09591590637321817
20.014047622680664	1.0000167612197264	-8.785473904625172e-05	0.49755168854902115	8.785473904625172e-05	1.0000167612197264	-0.25116361824338734
19.761085510253906	1.0000117842266363	-3.127671427208577e-05	0.2809229628395902	3.127671427208577e-05	1.0000117842266363	-0.0948194457647577
19.706249237060547	1.0000033665218635	3.35817304727671e-05	0.30897121637926156	-3.35817304727671e-05	1.0000033665218635	0.021594175321742154
19.672155380249023	1.0000246790897462	-2.0126632781758805e-05	0.21285003911920433	2.0126632781758805e-05	1.0000246790897462	-0.07399073393859336
19.692659378051758	0.9999886118979745	-2.4049500185212747e-06	0.23901957489512274	2.4049500185212747e-06	0.9999886118979745	-0.047005432858601315
18.996715545654297	1.0000137212984785	2.475061272550846e-05	0.06285364293362017	-2.475061272550846e-05	1.0000137212984785	-0.00458698025813125
19.23370361328125	1.0000655466620898	9.024693236986761e-05	-0.0501901811201689	-9.024693236986761e-05	1.0000655466620898	0.0026135449530094584
18.967390060424805	1.0000195645563943	2.862404706638656e-05	-0.005969086584596752	-2.862404706638656e-05	1.0000195645563943	-0.0016182193352791872
20.420312881469727	0.9999936331580794	1.3187999731287401e-05	0.00963592492184298	-1.3187999731287401e-05	0.9999936331580794	0.00623436120947622
19.169330596923828	0.9999496861487517	1.1846912212964245e-05	0.1371912381594526	-1.1846912212964245e-05	0.9999496861487517	0.0264672608030731
19.639253616333008	1.0001366687915985	1.296782356585535e-05	-0.2946606189974512	-1.296782356585535e-05	1.0001366687915985	-0.006777809383793954
20.263195037841797	1.0000406863604325	5.40861397115527e-05	-0.7374484863732022	-5.40861397115527e-05	1.0000406863604325	0.1166103911400692
20.02739906311035	1.0000106533889135	5.845507654303132e-05	-0.4556663471533314	-5.845507654303132e-05	1.0000106533889135	0.06674336272584795
19.789934158325195	1.0000099413522507	0.00019966185002600326	-0.30925407069414157	-0.00019966185002600326	1.0000099413522507	0.26753654504669516
19.90795135498047	0.9998773388386023	0.00012365962054451912	0.21124601412712923	-0.00012365962054451912	0.9998773388386023	0.4770364789666092
19.839048385620117	0.9999300506476058	5.043443508675115e-05	0.23114963129772523	-5.043443508675115e-05	0.9999300506476058	0.2857785835535461
18.985986709594727	1.000010892087024	3.2042817486070904e-05	-0.02051062581473396	-3.2042817486070904e-05	1.000010892087024	0.05564337034467301
19.380807876586914	1.0000104062544395	6.034575227724774e-05	-0.11144411755767919	-6.034575227724774e-05	1.0000104062544395	0.12730317989497072
19.692659378051758	0.9999393165939315	5.884497354142129e-05	-0.1398259654446448	-5.884497354142129e-05	0.9999393165939315	0.19555930477746808
19.84548568725586	1.0000866226800917	1.0726127174042095e-05	-0.38855373820123923	-1.0726127174042095e-05	1.0000866226800917	0.09373421297256815
19.824743270874023	1.000005557645112	7.012929185123856e-05	-0.34518386688901226	-7.012929185123856e-05	1.000005557645112	0.08191072307839477
19.08278465270996	0.9999986309959794	5.111731559563391e-05	-0.013193131124964015	-5.111731559563391e-05	0.9999986309959794	0.04801493444875075
18.737077713012695	1.0000279364148628	2.8869135029572075e-05	-0.024054442032645094	-2.8869135029572075e-05	1.0000279364148628	0.02545982477669942
19.174814224243164	0.9999923599484087	7.476972794277312e-05	0.010574423399670074	-7.476972794277312e-05	0.9999923599484087	0.06422867547591829
19.786834716796875	0.9999756980145011	0.00014640867676742446	0.3194514503639635	-0.00014640867676742446	0.9999756980145011	0.05252324742410295
19.712448120117188	0.9999713130208758	9.257182785100187e-05	0.26947317092196077	-9.257182785100187e-05	0.9999713130208758	0.04854864896135583
19.706249237060547	1.000024877154144	4.1021968448037434e-05	0.248293370998482	-4.1021968448037434e-05	1.000024877154144	-0.0023213219866452064
21.984577178955078	0.999992899933351	6.596516385863866e-05	0.25488398732516143	-6.596516385863866e-05	0.999992899933351	0.0268205714520829
19.48261260986328	1.000021038812734	-1.6554175005056702e-05	0.08648643343003803	1.6554175005056702e-05	1.000021038812734	-0.0760133311724547
19.170761108398438	1.0000226413538895	1.502128744097645e-05	-0.017217126597404056	-1.502128744097645e-05	1.0000226413538895	0.008990357064997241
19.624710083007812	1.000044640099279	-3.7093372672590886e-05	-0.27573104293697936	3.7093372672590886e-05	1.000044640099279	-0.043338460253376156
19.57392692565918	1.0000533727067347	-5.312974286214334e-06	-0.31043314386923326	5.312974286214334e-06	1.0000533727067347	-0.009021875930488837
19.719839096069336	0.9999798723850853	-5.977679663373739e-05	-0.20992056984349716	5.977679663373739e-05	0.9999798723850853	-0.014634843958925184
19.05965805053711	0.9999620761590334	1.6721958901912268e-05	0.08116945863953781	-1.6721958901912268e-05	0.9999620761590334	0.027922676431112965
18.97573471069336	1.0000329366397602	-2.1246005982075525e-05	-0.044935877111268535	2.1246005982075525e-05	1.0000329366397602	-0.022187524466812165
19.89912986755371	1.0000337827596797	-1.4507596790010193e-05	-0.3806308688265649	1.4507596790010193e-05	1.0000337827596797	0.052103339559116245
19.273042678833008	0.9999431881995808	3.926592101405543e-05	-0.024300452302817094	-3.926592101405543e-05	0.9999431881995808	0.07720242418840478
19.491195678710938	1.0000509233703418	-4.370160694013077e-05	-0.20762287528988244	4.370160694013077e-05	1.0000509233703418	-0.029932086558778444
19.659042358398438	0.9999953031562477	7.853378104010498e-06	-0.24812835753202334	-7.853378104010498e-06	0.9999953031562477	0.052029049878966616
19.283056259155273	0.9999538928474312	4.434579961709291e-06	-0.018819648863360128	-4.434579961709291e-06	0.9999538928474312	0.08202096750287616
19.70958709716797	0.9999217643853113	-3.6063189281231215e-06	0.35163224502362944	3.6063189281231215e-06	0.9999217643853113	0.03936661841942488
19.736289978027344	1.0000511210382201	1.5935821280522934e-05	-0.35216519108249134	-1.5935821280522934e-05	1.0000511210382201	0.06935876878429259
20.4010009765625	1.000042368954858	2.1230355005601886e-05	-0.9435322806059185	-2.1230355005601886e-05	1.000042368954858	0.19041119523732306
19.86837387084961	0.9999748212490168	0.00010802507897617834	-0.4417894392722566	-0.00010802507897617834	0.9999748212490168	0.11758835452929543
19.678592681884766	0.9999578287123047	7.8997855894068e-05	0.25497118825620774	-7.8997855894068e-05	0.9999578287123047	0.1273000128571718
21.284103393554688	0.9999829923617195	7.884194388432392e-05	0.1270458420389459	-7.884194388432392e-05	0.9999829923617195	0.11213332709919573
19.402027130126953	0.9999465401878846	0.00010123756435604395	0.2121080335715781	-0.00010123756435604395	0.9999465401878846	0.12776930770226863
19.90485191345215	0.9999391652958353	6.457883613258109e-05	0.5009205077393803	-6.457883613258109e-05	0.9999391652958353	0.055566542793877904
19.66571807861328	1.0000425313153722	-2.6632079673474976e-05	0.28184570739077064	2.6632079673474976e-05	1.0000425313153722	-0.06346489589049205
19.009113311767578	0.9999309049659654	-3.697433505249817e-05	0.12505769130343444	3.697433505249817e-05	0.9999309049659654	-0.029361664587297363
20.04408836364746	1.000045787413387	-8.47205853040905e-05	-0.10321793215228646	8.47205853040905e-05	1.000045787413387	-0.10021410003969264
20.045995712280273	1.0000736512395665	-4.988433166024743e-05	-0.6017082284966457	4.988433166024743e-05	1.0000736512395665	-0.10205984785895325
19.583940505981445	0.9999644159291737	8.727523676122989e-05	-0.13276975636712685	-8.727523676122989e-05	0.9999644159291737	0.06625559401193751
19.499540328979492	0.9999711259891554	5.50559374881472e-05	0.23187343110798192	-5.50559374881472e-05	0.9999711259891554	0.06230864362257087
19.464969635009766	0.9999819574756403	3.2745405059093335e-05	0.14797162479555775	-3.2745405059093335e-05	0.9999819574756403	0.04527385757728272
19.532203674316406	1.000068427898442	1.005442062796167e-05	-0.2296416841582859	-1.005442062796167e-05	1.000068427898442	-0.013266112720139833
19.297361373901367	0.9999360659081852	8.575880414966717e-05	0.14721008361016225	-8.575880414966717e-05	0.9999360659081852	0.09121955911042033
19.437074661254883	0.9999440778437209	-7.881219654425726e-06	0.230461660610775	7.881219654425726e-06	0.9999440778437209	0.023922218422794572
19.074678421020508	0.999991132392045	-2.0691536791647084e-05	0.04994393389706653	2.0691536791647084e-05	0.999991132392045	-0.0029049970088226296
19.982576370239258	1.000018707972698	3.4026320156356074e-07	-0.48839694941334433	-3.4026320156356074e-07	1.000018707972698	0.01146155744857776
19.92630958557129	0.9999832672298458	3.0048356887679912e-05	-0.4596828729006595	-3.0048356887679912e-05	0.9999832672298458	0.04517653760869508
19.57869529724121	0.9999303582876261	0.00013296728301581798	0.24119636971656389	-0.00013296728301581798	0.9999303582876261	0.1368995241210292
23.85258674621582	0.9999340377901853	7.963856161342014e-05	0.5567575084783597	-7.963856161342014e-05	0.9999340377901853	0.0941369381345417
20.264148712158203	0.9999482987162909	2.8650961258404105e-05	0.4039856460027739	-2.8650961258404105e-05	0.9999482987162909	0.06332389770722366
19.651174545288086	0.9999704704107639	2.664727152046642e-05	0.33272922848645786	-2.664727152046642e-05	0.9999704704107639	0.03799233344615057
19.541263580322266	1.0000013408995392	-5.135221069218027e-05	0.18462594400620902	5.135221069218027e-05	1.0000013408995392	-0.0976979213862837
19.33121681213379	0.9999638889630661	-4.290144816210456e-05	0.13050749046740426	4.290144816210456e-05	0.9999638889630661	-0.06396528215672324
19.76609230041504	0.9999012772603203	3.7821477576422855e-05	0.479025211877785	-3.7821477576422855e-05	0.9999012772603203	0.004531427796679144
19.78158950805664	1.0000096566727412	4.1745014939607935e-06	0.21115465703448325	-4.1745014939607935e-06	1.0000096566727412	-0.11923842040442585
19.687891006469727	1.0000103574346562	-2.7733225245131453e-05	0.16317407284242355	2.7733225245131453e-05	1.0000103574346562	-0.1763904570396172
19.65618133544922	0.9999559692328335	-8.178372942768182e-06	0.27127395336585725	8.178372942768182e-06	0.9999559692328335	-0.10745184565499015
19.71888542175293	0.9999885584483522	-2.2374378355945423e-05	0.26675604054537316	2.2374378355945423e-05	0.9999885584483522	-0.12092009161124996
19.774198532104492	0.9999754599328924	-5.511968531196245e-05	0.2595253788618221	5.511968531196245e-05	0.9999754599328924	-0.15063310297801916
20.167827606201172	0.9999075766711488	-3.8773983819997694e-05	0.6605299093566112	3.8773983819997694e-05	0.9999075766711488	-0.1304930480863784
19.864320755004883	0.9999588248562509	4.9047186723516955e-06	0.25724439672329846	-4.9047186723516955e-06	0.9999588248562509	-0.2296167069161683
19.78898048400879	1.0000319039676393	-2.7424832121192657e-05	-0.19374386824534284	2.7424832121192657e-05	1.0000319039676393	-0.13944826211755693
19.611835479736328	0.9999989163256897	-9.94700047559398e-05	-0.188385514673945	9.94700047559398e-05	0.9999989163256897	-0.18722124380900299
19.70696449279785	0.9999768629072127	-0.00011570314420066745	-0.2560930756512106	0.00011570314420066745	0.9999768629072127	-0.24110126307561214
19.757509231567383	0.9999794980627649	5.008901232695978e-06	-0.3042559209923725	-5.008901232695978e-06	0.9999794980627649	-0.009233216364490204
19.87910270690918	0.999830843400805	0.00014996153283741113	0.4992786894136405	-0.00014996153283741113	0.999830843400805	0.18384968913313757
20.380496978759766	0.9998871554509282	9.184622644713722e-05	0.8504782083056022	-9.184622644713722e-05	0.9998871554509282	0.2849678992625715
19.460201263427734	0.9999437530138876	8.848496598273662e-05	0.10073409085521579	-8.848496598273662e-05	0.9999437530138876	0.18702251743593987
20.234107971191406	0.999978901217492	5.877703953922463e-05	0.02399620010213077	-5.877703953922463e-05	0.999978901217492	0.06055597907191956
19.7906494140625	1.000047980949612	2.217548526138954e-05	-0.3192363803141381	-2.217548526138954e-05	1.000047980949612	-6.39215683479813e-05
19.422292709350586	0.9999560726199767	9.768027277338758e-05	-0.05543559501187983	-9.768027277338758e-05	0.9999560726199767	0.09435844384657933
20.02573013305664	0.9999077689697199	4.62445003562519e-05	0.5228394571740718	-4.62445003562519e-05	0.9999077689697199	0.07812816934767768
19.54960823059082	0.9999779417158859	-1.9879229410607987e-05	0.14931642278806684	1.9879229410607987e-05	0.9999779417158859	-0.0034289173625249303
19.574642181396484	0.9999984911500663	7.327724846421797e-05	-0.0993883282621047	-7.327724846421797e-05	0.9999984911500663	0.0676999497555006
19.531965255737305	0.9999946554286298	-3.7361526916547534e-05	-0.11993711574277183	3.7361526916547534e-05	0.9999946554286298	-0.04907651909086819
19.8514461517334	1.000015498127389	-2.515079751583328e-05	-0.3275213953452751	2.515079751583328e-05	1.000015498127389	-0.08635869289303967
19.881486892700195	0.9999552422730826	-5.889960384876065e-05	-0.17084007804605017	5.889960384876065e-05	0.9999552422730826	-0.09700039220817967
19.04153823852539	0.9999596762070736	-1.9670807669995788e-05	0.031979392760000426	1.9670807669995788e-05	0.9999596762070736	-0.023839454712582846
19.553422927856445	0.9998910608573637	2.591257351420143e-06	0.28212359200381193	-2.591257351420143e-06	0.9998910608573637	-0.026537632432683908
19.855022430419922	0.9999962110766689	-4.115084850790662e-05	0.35843469381990406	4.115084850790662e-05	0.9999962110766689	-0.130488614430019
19.147157669067383	0.9999621369006665	1.7245867862237738e-05	0.08059586678937017	-1.7245867862237738e-05	0.9999621369006665	0.009564538338088027
19.903898239135742	1.000061598477797	-1.5649625782772185e-05	-0.4217816904115756	1.5649625782772185e-05	1.000061598477797	-0.09816451636554438
19.76490020751953	1.000006819118486	2.7145416197548988e-05	-0.342746482088098	-2.7145416197548988e-05	1.000006819118486	-0.037415985627903096
19.162654876708984	0.9999721561993684	7.523698725231128e-05	-2.026078645735828e-05	-7.523698725231128e-05	0.9999721561993684	0.04513963191197158
19.293546676635742	0.9999756473838425	8.22933328154181e-05	0.05065428536523075	-8.22933328154181e-05	0.9999756473838425	0.10131697861872224
19.541025161743164	0.9999561755270042	0.00018363442501126545	0.16528903355358332	-0.00018363442501126545	0.9999561755270042	0.217373898712882
19.642114639282227	0.999918411823549	0.0001365421293129738	0.13388544850230594	-0.0001365421293129738	0.999918411823549	0.1859466075147366
19.92058753967285	1.0000774129981584	0.00012199058082099453	-0.3974021710685497	-0.00012199058082099453	1.0000774129981584	0.14930766467785794
20.224571228027344	0.9999629895395098	0.00011948859952502777	-0.5056022904548235	-0.00011948859952502777	0.9999629895395098	0.2162983760801521
20.121097564697266	1.000027795139354	6.90902911909272e-05	-0.6069104344028694	-6.90902911909272e-05	1.000027795139354	0.14541148379070562
19.852876663208008	0.9998797728185055	7.796378877003416e-05	-0.005385907083779284	-7.796378877003416e-05	0.9998797728185055	0.2883482230671677
19.685029983520508	1.0000017546313114	0.0001045158163841298	-0.008706902162168628	-0.0001045158163841298	1.0000017546313114	0.27508711090231325
19.761323928833008	0.9998843199140174	3.2033979810214154e-05	0.027194291833280378	-3.2033979810214154e-05	0.9998843199140174	0.2734582599882489
20.088672637939453	1.0000778721123829	7.34184567435793e-05	-0.6476778012808191	-7.34184567435793e-05	1.0000778721123829	0.21526088767255608
20.094633102416992	0.9999316744137516	0.0001749962684903881	-0.5489054717570858	-0.0001749962684903881	0.9999316744137516	0.2474256103525383
20.146846771240234	1.0001353804068558	5.264179902842391e-05	-0.713650647465836	-5.264179902842391e-05	1.0001353804068558	0.083610480533305
19.710779190063477	0.9998618339240762	2.0947210157545556e-05	-0.1336467361691228	-2.0947210157545556e-05	0.9998618339240762	0.10218090050568066
18.98980140686035	1.0000439418506717	-9.816159837436668e-06	-0.06331322964969299	9.816159837436668e-06	1.0000439418506717	-0.012706293590796114
19.35863494873047	0.9999135454769407	4.6080350140087354e-05	0.09343442940443179	-4.6080350140087354e-05	0.9999135454769407	0.10874212937172088
19.57392692565918	1.0000508419615288	1.9640416021672378e-05	0.13587976502532914	-1.9640416021672378e-05	1.0000508419615288	0.04196419806231589
19.63520050048828	0.999838443381353	2.6408945331997796e-05	0.36452500799968746	-2.6408945331997796e-05	0.999838443381353	0.10221618018595935
19.556522369384766	1.0001213279297503	-6.3234396388156685e-06	-0.2586763726853677	6.3234396388156685e-06	1.0001213279297503	-0.07058724036713543
19.867658615112305	0.9999531571109259	0.00014824791768031653	-0.3717547742983049	-0.00014824791768031653	0.9999531571109259	0.1135975436943767
20.01047134399414	0.9999632525219406	0.00011697797611941337	0.48374240973648	-0.00011697797611941337	0.9999632525219406	0.08726441724321332
20.78413963317871	0.9999159286924931	-3.6788658603458676e-05	0.8975653479604311	3.6788658603458676e-05	0.9999159286924931	-0.08626332981404315
19.63520050048828	1.0001735398324063	-4.3950163761662465e-05	0.0547156097008884	4.3950163761662465e-05	1.0001735398324063	-0.13921659709774548
19.631147384643555	0.9999661891941956	-2.1705515184946173e-05	-0.05356363755577317	2.1705515184946173e-05	0.9999661891941956	-0.05252317224615644
20.12777328491211	1.0001485948883349	6.93271251131589e-05	-0.6572897036709734	-6.93271251131589e-05	1.0001485948883349	-0.12680765753477066
19.626617431640625	0.999961390959148	0.00018598101352057438	-0.06262688990142276	-0.00018598101352057438	0.999961390959148	0.15107075918694957
19.20914649963379	1.0000184139962895	5.6441607319668714e-05	0.003595683899309199	-5.6441607319668714e-05	1.0000184139962895	0.04991310238936864
19.06895637512207	0.9998460872825128	7.370031331427222e-05	0.16522291745545745	-7.370031331427222e-05	0.9998460872825128	0.11593197637361922
19.46878433227539	0.9999926101135226	8.889819045706543e-06	0.10923006272036882	-8.889819045706543e-06	0.9999926101135226	0.031562664836269315
19.44112777709961	0.9999447139647246	-1.54232416033864e-05	-0.02372318480175219	1.54232416033864e-05	0.9999447139647246	0.04844836119368829
19.800662994384766	1.0000882732612741	-9.622031951730084e-05	-0.32299086784204234	9.622031951730084e-05	1.0000882732612741	-0.07340545478919651
19.777774810791016	0.9999567186944536	-4.7095779129979584e-05	-0.2837819897342231	4.7095779129979584e-05	0.9999567186944536	0.005606540780135944
20.495891571044922	1.0000842912337236	-6.525168478694444e-05	-1.0028317300495333	6.525168478694444e-05	1.0000842912337236	0.046563713064006126
19.917726516723633	0.9998311956208875	9.574595610270215e-05	-0.29576875022109056	-9.574595610270215e-05	0.9998311956208875	0.2052445379259682
19.592761993408203	0.9999791198965533	1.557447088485217e-05	-0.17954204548605165	-1.557447088485217e-05	0.9999791198965533	0.18650449436619687
19.78302001953125	0.9998765373641088	7.784469698507622e-05	-0.10129974929608322	-7.784469698507622e-05	0.9998765373641088	0.3009243087986534
19.524574279785156	0.9999566758434646	0.0002015386763829489	-0.0936359943608866	-0.0002015386763829489	0.9999566758434646	0.2847522356620129
19.095182418823242	0.9999024947525551	8.597229670277275e-05	0.036828511010085024	-8.597229670277275e-05	0.9999024947525551	0.12050981282588373
19.2110538482666	1.0000149002102279	0.00013265539446791723	-0.04125935089659413	-0.00013265539446791723	1.0000149002102279	0.15218104990532877
19.8822021484375	0.9998072748612638	0.00010087127980892228	0.5004529611113835	-0.00010087127980892228	0.9998072748612638	0.25912421306628614
21.20828628540039	1.0000423815910564	-1.9403099440378217e-05	0.21582047419599776	1.9403099440378217e-05	1.0000423815910564	0.06826046496604209
18.907546997070312	0.9999562226897961	2.5772767714532432e-05	0.0464377970088119	-2.5772767714532432e-05	0.9999562226897961	0.046185566275875
19.975662231445312	1.000134942392725	2.8599755583623956e-05	-0.5352162718466357	-2.8599755583623956e-05	1.000134942392725	-0.07017287571160682
19.750595092773438	0.9999221698505467	4.825292418973183e-05	-0.20460014475112676	-4.825292418973183e-05	0.9999221698505467	-0.033448870228368704
19.61970329284668	1.0000985328447076	-5.7326031034774156e-05	0.053586854373620374	5.7326031034774156e-05	1.0000985328447076	-0.18107343660867548
20.05314826965332	0.9999258806582627	-0.0001148315833216961	0.5469642043373162	0.0001148315833216961	0.9999258806582627	-0.1913774194115273
20.36142349243164	0.9999967888933897	-0.00020169382909119736	0.5752133958176089	0.00020169382909119736	0.9999967888933897	-0.30813401671291146
19.834041595458984	1.0000036006324755	-0.00013352416295150485	0.17362987478934375	0.00013352416295150485	1.0000036006324755	-0.21033903266871892
19.45662498474121	1.0000304570779943	-0.0002428285528824151	0.034249517354869835	0.0002428285528824151	1.0000304570779943	-0.3344670015458138
19.450664520263672	0.9999366838251695	-0.00018491329769750473	0.19245412067733889	0.00018491329769750473	0.9999366838251695	-0.274984588039573
19.71125602722168	1.0001479500046364	-0.00017253514893193807	-0.2177085440117134	0.00017253514893193807	1.0001479500046364	-0.4569507539751732
19.599437713623047	0.9999850000723536	3.7946607375039795e-05	-0.12040436234249059	-3.7946607375039795e-05	0.9999850000723536	-0.11649486705213052
19.6988582611084	1.0000600082190698	-5.704489809095875e-05	-0.18819525997333442	5.704489809095875e-05	1.0000600082190698	-0.218901164305785
19.65045928955078	0.9999463610078188	-2.0326730808651803e-05	0.01028780614838036	2.0326730808651803e-05	0.9999463610078188	-0.10272453817384299
19.522905349731445	1.0001313106518062	-9.562174673177433e-06	-0.24746384074024344	9.562174673177433e-06	1.0001313106518062	-0.077298591919758
19.641876220703125	0.9998775795603442	0.00013591135445477484	0.3679673968234675	-0.00013591135445477484	0.9998775795603442	0.20400206561902567
19.82283592224121	1.0000359065207944	7.506026591328914e-05	0.23427778807280505	-7.506026591328914e-05	1.0000359065207944	0.1330929048606503
19.690275192260742	0.9999270646254724	0.00011746557557049343	0.12130903002507142	-0.00011746557557049343	0.9999270646254724	0.2429013707065354
19.709110260009766	1.000025701121296	-8.672855792396877e-07	0.07598821403354944	8.672855792396877e-07	1.000025701121296	0.10122998019978148
19.518375396728516	0.9999549851079461	4.221856348844046e-05	0.1544877338801065	-4.221856348844046e-05	0.9999549851079461	0.1804791111490251
19.273042678833008	0.999985313764041	2.910123355111451e-05	0.0714507954534026	-2.910123355111451e-05	0.999985313764041	0.1292076246398422
19.492387771606445	0.9998588133844719	0.00014367079858664894	0.19758454959332367	-0.00014367079858664894	0.9998588133844719	0.28600595923245387
19.26589012145996	1.0000106358744607	2.5485835759061362e-06	0.06959028324236927	-2.5485835759061362e-06	1.0000106358744607	0.029186949800588658
18.957853317260742	0.9999426626229584	5.5442635521762605e-05	0.0323282542769156	-5.5442635521762605e-05	0.9999426626229584	0.07556333911896843
19.707202911376953	1.0000407372415505	8.257248767806003e-05	-0.32301135573047396	-8.257248767806003e-05	1.0000407372415505	0.09300488100668405
19.825458526611328	0.9999333958947478	8.86055542679307e-05	-0.2888989155646701	-8.86055542679307e-05	0.9999333958947478	0.12494597992195917
19.078493118286133	0.9999913658589394	3.836080671582617e-05	0.008443080614405574	-3.836080671582617e-05	0.9999913658589394	0.02771340603782574
19.63949203491211	0.9999064382675197	-2.236129088492893e-05	0.2728800643456249	2.236129088492893e-05	0.9999064382675197	0.017699380006586718
19.803285598754883	1.000127778803008	-8.365269965491665e-06	-0.3642350158476376	8.365269965491665e-06	1.000127778803008	-0.055433557847243534
19.906044006347656	0.9997664458195271	1.781931016534728e-05	0.5123540035577738	-1.781931016534728e-05	0.9997664458195271	0.08300318611675303
19.906044006347656	1.0000298481651082	-0.0001202775553507878	0.35738487720755635	0.0001202775553507878	1.0000298481651082	-0.16079227303987856
19.628047943115234	1.000030119450545	-8.814412928827461e-05	-0.19437364343437472	8.814412928827461e-05	1.000030119450545	-0.10981043654011603
19.24753189086914	1.0000538930814964	-5.895140900619706e-05	-0.05340612051103272	5.895140900619706e-05	1.0000538930814964	-0.12106138090760345
19.47188377380371	0.9999566473772306	-5.95451377583542e-05	0.07595543081915272	5.95451377583542e-05	0.9999566473772306	-0.08745234988960948
19.574642181396484	1.000036364074814	-3.7323759556775056e-05	0.08373452132341325	3.7323759556775056e-05	1.000036364074814	-0.10404945497277784
20.12157440185547	0.9999395898075207	2.8633465416295715e-05	0.5490631557411779	-2.8633465416295715e-05	0.9999395898075207	-0.007063649451820309
20.814180374145508	1.0000935292192323	6.330055792236561e-05	0.36403712411212663	-6.330055792236561e-05	1.0000935292192323	-0.07352663522600633
19.208669662475586	0.9999930858444036	-1.5193182096755264e-05	0.03057758654709093	1.5193182096755264e-05	0.9999930858444036	-0.023275464438059543
20.062923431396484	1.000196842886232	-6.731506004347357e-05	-0.6314139127548564	6.731506004347357e-05	1.000196842886232	-0.1757753848346685
19.716978073120117	0.9999749029646647	-1.7629855427043508e-05	-0.28395251040743247	1.7629855427043508e-05	0.9999749029646647	0.010577756726046814
20.14613151550293	1.0001521949257044	-5.562013876260632e-05	-0.7170898695522621	5.562013876260632e-05	1.0001521949257044	-0.0333686980485512
20.10321617126465	0.9999125987466877	0.00010042338129128455	-0.3463730424031957	-0.00010042338129128455	0.9999125987466877	0.3106270186172662
19.811391830444336	1.0001303466124856	-7.224920652997751e-06	-0.29192201150539	7.224920652997751e-06	1.0001303466124856	0.07313328000946595
19.886016845703125	0.999831466256056	0.00017848208187819803	0.14304591529118674	-0.00017848208187819803	0.999831466256056	0.4551622655273855
19.431352615356445	1.0000790799075083	0.0001857890758120061	-0.12108127982739958	-0.0001857890758120061	1.0000790799075083	0.25538536014131585
20.117759704589844	0.9999316426610654	0.0001706633962261818	-0.38973428042702346	-0.0001706633962261818	0.9999316426610654	0.3736547090928517
20.465850830078125	1.0001201279590202	4.2614213754620526e-05	-0.8020309882449091	-4.2614213754620526e-05	1.0001201279590202	0.11200086674199013
19.940614700317383	0.9999095898792403	0.00011623546685122596	-0.3077067093430892	-0.00011623546685122596	0.9999095898792403	0.236840377494188
19.74964141845703	1.0001069309883102	2.4943182255618954e-05	-0.362068642346282	-2.4943182255618954e-05	1.0001069309883102	0.10279003281776922
19.715309143066406	0.9999654816032474	4.2738327868882736e-05	-0.1903872351632094	-4.2738327868882736e-05	0.9999654816032474	0.18768626074175543
19.092559814453125	1.000040556987845	3.0873721772881216e-05	-0.0396991034026968	-3.0873721772881216e-05	1.000040556987845	0.02095408169902698
18.889188766479492	1.0000007173445629	2.1294174442470515e-05	0.0006880313354777415	-2.1294174442470515e-05	1.0000007173445629	0.02111163100212505
19.21868324279785	1.0000971275987858	2.3822402141152433e-06	-0.09145344611226698	-2.3822402141152433e-06	1.0000971275987858	-0.06793298053472384
19.586801528930664	0.9998826601132997	-2.8004257036655172e-05	0.2487361170846504	2.8004257036655172e-05	0.9998826601132997	-0.06836367107310468
19.3636417388916	1.0001062804801588	-0.00014993946090047466	-0.042642512061251504	0.00014993946090047466	1.0001062804801588	-0.28997881383513024
19.784212112426758	1.0000362054754697	-5.962544320304395e-05	-0.012315866032321115	5.962544320304395e-05	1.0000362054754697	-0.2472733440206286
19.60611343383789	1.0001245526893072	1.1866467077802851e-05	-0.1047889431201862	-1.1866467077802851e-05	1.0001245526893072	-0.21312068933245815
19.200563430786133	0.9999719255923055	9.635517644876673e-05	0.06187045218531916	-9.635517644876673e-05	0.9999719255923055	0.07728676452406615
19.690275192260742	1.0001381331015207	2.360455219263143e-05	0.09675133388540942	-2.360455219263143e-05	1.0001381331015207	-0.10872099344420977
19.550800323486328	0.9998897430107841	9.127713400269921e-05	0.25653024025732774	-9.127713400269921e-05	0.9998897430107841	0.09634342268633053
19.194602966308594	1.0000628138962786	7.250016512238609e-05	0.047349072226033684	-7.250016512238609e-05	1.0000628138962786	0.041996249020086154
20.136356353759766	0.9998746170080012	8.897290643566325e-05	0.6312322810390473	-8.897290643566325e-05	0.9998746170080012	0.16982125489570862
19.913911819458008	1.000109067876437	-4.9234082320808424e-05	0.3674992494150137	4.9234082320808424e-05	1.000109067876437	-0.04577007642713464
19.73557472229004	1.0000227918423992	-5.4910847943859924e-05	-0.3110867705052573	5.4910847943859924e-05	1.0000227918423992	-0.03715207517397553
20.305156707763672	1.0001986646689531	-2.784166080528135e-05	-0.8875774209545222	2.784166080528135e-05	1.0001986646689531	-0.08446610030055633
20.093202590942383	0.9999410772557733	0.00010529102806038108	-0.5094724267489974	-0.00010529102806038108	0.9999410772557733	0.2497091321179774
19.704103469848633	0.999981191244229	9.63742991006017e-05	0.22708547824012576	-9.63742991006017e-05	0.999981191244229	0.11148657656845995
19.81043815612793	0.9998915419086035	6.682614028945314e-06	0.255180856746596	-6.682614028945314e-06	0.9998915419086035	0.2199556155538498
20.177841186523438	1.0001306105591459	1.7221671549219997e-05	-0.6553931435960156	-1.7221671549219997e-05	1.0001306105591459	0.10000543236398528
19.64426040649414	0.9999297434749579	0.00012518838083551393	-0.21682902360720743	-0.00012518838083551393	0.9999297434749579	0.16869625583988446
19.76466178894043	1.0000982443683906	6.572253821470034e-05	-0.3239687456085433	-6.572253821470034e-05	1.0000982443683906	0.06736786348312213
19.832611083984375	0.9999348532003558	6.681278619945219e-05	-0.41848241319461293	-6.681278619945219e-05	0.9999348532003558	0.2341474085817098
20.55644989013672	1.0001836705029645	3.691825403839761e-05	-1.2044444257442573	-3.691825403839761e-05	1.0001836705029645	-0.03303525845143052
22.37224578857422	0.9999198437829816	0.00016639215139252874	-0.4425338238343628	-0.00016639215139252874	0.9999198437829816	0.34282941240879095
19.44422721862793	1.0000232393422837	3.8340870091582465e-05	0.07820611730523368	-3.8340870091582465e-05	1.0000232393422837	0.1271256845092859
19.652605056762695	0.9999475546573718	-8.342337754167876e-06	-0.055402807413690025	8.342337754167876e-06	0.9999475546573718	0.12449033551626873
19.449949264526367	1.000058687615632	-3.0059384758340238e-05	-0.1363458220978548	3.0059384758340238e-05	1.000058687615632	0.054092702608601384
18.985271453857422	1.0000063985612127	4.252127821156352e-05	0.017501866213204334	-4.252127821156352e-05	1.0000063985612127	0.050007496264759414
19.263744354248047	1.000049237093547	5.082495083913598e-05	0.061590752722424355	-5.082495083913598e-05	1.000049237093547	0.009504958628050144
19.126415252685547	1.0000421004981885	-3.798153726742241e-05	-0.06016001618602325	3.798153726742241e-05	1.0000421004981885	-0.06898635275313551
19.682884216308594	1.0002370321454574	-9.116251752554273e-05	-0.43303056475061735	9.116251752554273e-05	1.0002370321454574	-0.25250910216143996
19.387483596801758	0.9999947031799293	-3.248650032289031e-05	0.13128254352247487	3.248650032289031e-05	0.9999947031799293	-0.06740746696742697
19.560575485229492	1.0002216611812287	-8.97578854483932e-05	-0.10397971255443239	8.97578854483932e-05	1.0002216611812287	-0.2406890841331571
19.77086067199707	0.9999096954449842	7.522683659265129e-05	0.40502009076286993	-7.522683659265129e-05	0.9999096954449842	0.02108446811687595
19.910573959350586	1.0000973363183214	5.639830043112034e-06	0.2595593755908374	-5.639830043112034e-06	1.0000973363183214	-0.2271310100499411
19.977569580078125	1.0000062183995606	2.304487018289574e-05	0.37268751322087973	-2.304487018289574e-05	1.0000062183995606	-0.1703935247937284
19.87433433532715	1.000142050760982	-0.00016429422218087458	0.18055482552248034	0.00016429422218087458	1.000142050760982	-0.30756950054832555
19.56796646118164	1.0000012376947192	-4.2656144031270004e-05	0.2070483014415506	4.2656144031270004e-05	1.0000012376947192	-0.06559972228682266
19.302845001220703	1.000142581498611	-0.00011432960861929992	-0.055197933525587176	0.00011432960861929992	1.000142581498611	-0.19501629224114395
19.405603408813477	1.0000387658565884	4.259999307510863e-05	0.13599462797086043	-4.259999307510863e-05	1.0000387658565884	0.013878042129848611
19.921064376831055	1.000090030724238	-3.584446806959837e-06	0.3262868497688408	3.584446806959837e-06	1.000090030724238	-0.04106553638588378
20.02716064453125	0.9999983555543427	4.390824650637006e-05	0.3509514250027533	-4.390824650637006e-05	0.9999983555543427	0.08103043210529141
22.17841148376465	1.0001198686038608	3.3973679552892285e-05	0.22096933135357816	-3.3973679552892285e-05	1.0001198686038608	0.009923724091082858
19.791841506958008	1.0000546303831435	3.73323313485258e-05	0.22231951208897302	-3.73323313485258e-05	1.0000546303831435	0.03236628666491234
18.939971923828125	1.0001323605957846	-1.037263753658551e-05	-0.1118939976822422	1.037263753658551e-05	1.0001323605957846	-0.03639857856906818
19.865036010742188	1.0000857859271666	-6.205928358808736e-05	-0.48297530831469715	6.205928358808736e-05	1.0000857859271666	-0.04731768576465301
20.03169059753418	1.000192597722795	-3.584497102053361e-05	-0.6942938630705956	3.584497102053361e-05	1.000192597722795	-0.07227511652418361
19.85621452331543	1.0000088482114526	6.327364802129316e-05	-0.34786853573881904	-6.327364802129316e-05	1.0000088482114526	0.13564709469633013
19.140005111694336	1.000132409763592	7.371353407969204e-05	-0.1328847506278394	-7.371353407969204e-05	1.000132409763592	0.05506302980418191
20.19190788269043	0.9998808957396836	8.665000229927409e-05	0.6140477217395823	-8.665000229927409e-05	0.9998808957396836	0.2641107559667131
19.774198532104492	1.000195086925299	-1.3134123470560528e-06	0.020603698132994938	1.3134123470560528e-06	1.000195086925299	-0.03873907265845693
19.56462860107422	1.0000787156167845	2.8106688624414183e-05	-0.22251589967855012	-2.8106688624414183e-05	1.0000787156167845	0.030635688834362025
19.684314727783203	1.0001819212077485	3.625402862261025e-05	-0.3789937386172956	-3.625402862261025e-05	1.0001819212077485	-0.023284209853366714
19.437313079833984	1.0000628332563475	6.044387832422987e-05	-0.13856402424091205	-6.044387832422987e-05	1.0000628332563475	0.04230225252472973
19.09804344177246	1.0001904801961157	1.3259076945601762e-05	-0.23186564086479436	-1.3259076945601762e-05	1.0001904801961157	-0.04271313624597818
18.857955932617188	1.000073980678745	4.361827554359379e-05	-0.055432937778532254	-4.361827554359379e-05	1.000073980678745	0.02108467723126331
19.423484802246094	1.0001618721898993	2.9814017966560805e-05	-0.17668134197958896	-2.9814017966560805e-05	1.0001618721898993	-0.04336694593587621
19.321680068969727	1.000111682768441	6.403967890998425e-05	-0.17258863521440668	-6.403967890998425e-05	1.000111682768441	-0.016173558186593974
19.804954528808594	1.000059433670399	0.00010948103693508993	0.1887824675935006	-0.00010948103693508993	1.000059433670399	-0.05674397296018558
20.36452293395996	0.9999300377425564	2.836304746968313e-06	0.7817573137975401	-2.836304746968313e-06	0.9999300377425564	-0.13597188187025996
22.71270751953125	1.0000681919399024	-0.00014639270514804303	0.8044667292351109	0.00014639270514804303	1.0000681919399024	-0.29434820306421317
20.22075653076172	0.9999961358827061	-9.091691414067494e-05	0.567963208574435	9.091691414067494e-05	0.9999961358827061	-0.24065210464276385
19.60468292236328	1.0002005249407173	-0.00016863103499215612	-0.17736833218942777	0.00016863103499215612	1.0002005249407173	-0.34180280641842875
19.424915313720703	1.0000528162305804	-3.7043316142949402e-06	-0.08403810210463643	3.7043316142949402e-06	1.0000528162305804	-0.09178758091561319
19.267797470092773	1.0001564110153645	-1.9089535537994735e-05	-0.16560079869621658	1.9089535537994735e-05	1.0001564110153645	-0.08094637063821744
19.356966018676758	0.9999368755845168	-6.386744227404303e-06	0.08115693420988801	6.386744227404303e-06	0.9999368755845168	-0.008756827436747643
19.903898239135742	1.000205439834328	2.7866920122429706e-05	-0.5329266531845747	-2.7866920122429706e-05	1.000205439834328	-0.15150316014327347
19.650936126708984	1.0000036353767725	5.1796916024194814e-05	-0.28142086299436314	-5.1796916024194814e-05	1.0000036353767725	0.01861940917925964
19.615650177001953	1.000079008638434	4.751183044386141e-05	0.09669043074925165	-4.751183044386141e-05	1.000079008638434	-0.0019593671506806113
19.570589065551758	0.9999336831865898	2.8743274318453606e-05	0.2215873731556064	-2.8743274318453606e-05	0.9999336831865898	0.08468095649650284
19.68073844909668	1.0002050331825125	-1.172055359931834e-05	-0.47784236138702896	1.172055359931834e-05	1.0002050331825125	-0.03853201581607316
20.195960998535156	0.9999951516359449	4.530284838138207e-05	-0.5157288340976671	-4.530284838138207e-05	0.9999951516359449	0.22812637600152413
20.151138305664062	1.0001350515326768	4.97613816623276e-05	-0.6701264928854892	-4.97613816623276e-05	1.0001350515326768	0.1656586784151596
19.85025405883789	0.9999178371251372	0.0001621030806592107	-0.28148116143008806	-0.0001621030806592107	0.9999178371251372	0.32079613377288774
20.061016082763672	1.0001285665810726	0.00012725835110245253	-0.5962646853417816	-0.00012725835110245253	1.0001285665810726	0.212311738838237
20.244121551513672	0.9999087226314971	0.00012944236360598485	-0.4037944712482481	-0.00012944236360598485	0.9999087226314971	0.4268713558466498
19.544124603271484	1.0001077033966308	9.116301358264837e-05	-0.2261154492881763	-9.116301358264837e-05	1.0001077033966308	0.10089995001191247
19.783735275268555	0.9998812481171788	0.00010975408323071478	0.1812882941441707	-0.00010975408323071478	0.9998812481171788	0.30483444635212587
19.582033157348633	1.0001558708675755	8.576926465682621e-06	-0.19173612813953964	-8.576926465682621e-06	1.0001558708675755	0.1297623080065902
19.780635833740234	0.9999604774984983	-4.491176857403148e-05	-0.2942710946661184	4.491176857403148e-05	0.9999604774984983	0.07391492440658982
19.736766815185547	1.000051770196913	-6.6060017922060565e-06	-0.33715427059530845	6.6060017922060565e-06	1.000051770196913	0.03115337243057848
18.908023834228516	1.000070733291576	1.1689846198465353e-06	-0.07550957287065173	-1.1689846198465353e-06	1.000070733291576	-0.002168926981667977
19.568443298339844	1.000160642846707	5.7326736682673244e-05	-0.36844346693375774	-5.7326736682673244e-05	1.000160642846707	-0.04245657181761656
19.887447357177734	0.9999950961141502	5.476012705095805e-05	0.3361009523825613	-5.476012705095805e-05	0.9999950961141502	-0.021101265320917346
19.730329513549805	1.000130652394465	-2.7591070557471426e-05	0.10777200956314788	2.7591070557471426e-05	1.000130652394465	-0.15114095664729318
19.790172576904297	1.000019333962079	-5.5300876773473935e-06	0.2702986962215321	5.5300876773473935e-06	1.000019333962079	-0.0949725166281933
19.718647003173828	1.0001464984913122	-1.9030418908386236e-05	0.12329222953896232	1.9030418908386236e-05	1.0001464984913122	-0.1473856183232377
19.268512725830078	0.9999346976494803	-2.4899693317478258e-05	0.1188344736923058	2.4899693317478258e-05	0.9999346976494803	-0.024195890289747463
19.27971839904785	1.0000552662056186	-8.112097307571602e-05	-0.038316683806150664	8.112097307571602e-05	1.0000552662056186	-0.12123613660429196
19.1497802734375	1.0000362242699077	-5.439159888942395e-05	-0.05422933364522728	5.439159888942395e-05	1.0000362242699077	-0.07775658937610293
19.776344299316406	1.0002122830664781	-4.971312600882282e-05	-0.44061700969507517	4.971312600882282e-05	1.0002122830664781	-0.19157589610085446
19.484281539916992	0.9999938575733485	-1.1031115275355772e-05	-0.09649703330560233	1.1031115275355772e-05	0.9999938575733485	-0.01261754167065543
19.989013671875	1.0001884715656226	-0.0001064034625632292	-0.5890273091801248	0.0001064034625632292	1.0001884715656226	-0.20438403796188193
20.08986473083496	1.0001125010205876	-7.989984065261843e-05	-0.5555625728861272	7.989984065261843e-05	1.0001125010205876	-0.10859910126679861
20.346879959106445	1.000240546333676	-9.311450363341578e-05	-0.9220082145820877	9.311450363341578e-05	1.000240546333676	-0.09429192360712664
20.2023983001709	0.9999478006549394	3.662911234561311e-06	-0.523266095885275	-3.662911234561311e-06	0.9999478006549394	0.08563989575207352
19.40321922302246	1.0001808663208824	-3.671131986690669e-05	-0.24748740407759764	3.671131986690669e-05	1.0001808663208824	-0.04214697061205324
20.014047622680664	0.9999966032128954	-2.6265480240109425e-05	-0.3547066197365	2.6265480240109425e-05	0.9999966032128954	0.08467554726970508
19.895076751708984	1.0000864286270432	-2.720798527214101e-05	-0.4385741199065906	2.720798527214101e-05	1.0000864286270432	0.06597226996043716
19.395828247070312	1.0000372742401686	2.57254704041811e-05	-0.12035406492058669	-2.57254704041811e-05	1.0000372742401686	0.05752418250272527
21.953821182250977	1.000108664287257	-4.7851149817586295e-05	-0.3065671773334951	4.7851149817586295e-05	1.000108664287257	-0.018762587607723563
19.5772647857666	1.0000113933133312	-4.332250399768777e-05	-0.2413216393166603	4.332250399768777e-05	1.0000113933133312	0.015079898586836143
19.591093063354492	1.0001501322975923	-3.40638485385784e-05	-0.34752502084931663	3.40638485385784e-05	1.0001501322975923	-0.036697919648414935
19.604206085205078	0.99995681883586	6.343167664194641e-05	-0.13819317337850826	-6.343167664194641e-05	0.99995681883586	0.23439149011074042
19.19722557067871	1.0000833622884164	4.235734367292978e-05	-0.1272273147825707	-4.235734367292978e-05	1.0000833622884164	0.054466789935530224
19.048690795898438	0.999961044388933	4.653424858247931e-05	0.06907031511604203	-4.653424858247931e-05	0.999961044388933	0.04759323029119624
19.05512809753418	1.0000718407278775	3.9709898175687215e-05	-0.015929470360518852	-3.9709898175687215e-05	1.0000718407278775	0.0060882356704216435
19.280195236206055	0.9999626234729477	2.0051969161040166e-05	0.05897166902188683	-2.0051969161040166e-05	0.9999626234729477	0.03793703008178319
19.61827278137207	1.0002593198440095	-8.879472792885385e-05	-0.38512540524582767	8.879472792885385e-05	1.0002593198440095	-0.21749127330684281
20.172834396362305	1.0000150826901555	0.00010380956569392899	-0.617577765046066	-0.00010380956569392899	1.0000150826901555	0.09372219990580236
19.716501235961914	1.0001072521671739	6.642872799261313e-05	-0.4150993613227084	-6.642872799261313e-05	1.0001072521671739	0.034673916391431574
20.244121551513672	0.9998343494862924	0.0001989715389901646	0.8322618697286691	-0.0001989715389901646	0.9998343494862924	0.24185843350878203
19.78135108947754	1.000184643324931	-9.114352955079866e-05	0.18619430318462038	9.114352955079866e-05	1.000184643324931	-0.1672026872972829
19.26255226135254	0.9999648871461827	1.0761901027766854e-05	-0.019979150252345753	-1.0761901027766854e-05	0.9999648871461827	0.02479054987361639
19.755125045776367	1.0000109274086704	-4.8860191914573876e-05	0.2553495407055748	4.8860191914573876e-05	1.0000109274086704	-0.10338701184866121
22.20916748046875	1.0000021180285947	-0.00014265546673271245	0.28067713356216195	0.00014265546673271245	1.0000021180285947	-0.21842750181159912
19.400835037231445	1.000051519148586	-0.00021701945656837877	0.060060163954933285	0.00021701945656837877	1.000051519148586	-0.28739935550498286
19.713878631591797	0.9999358100876674	-9.14008771535644e-05	-0.2025946219578654	9.14008771535644e-05	0.9999358100876674	-0.09301516772872721
19.965410232543945	1.000087864948508	-0.00013920006628134133	-0.4742391299131334	0.00013920006628134133	1.000087864948508	-0.19336831068590227
19.75536346435547	0.9998150077922305	1.7470202629956983e-05	0.43333965846198286	-1.7470202629956983e-05	0.9998150077922305	0.06942079809910318
19.858598709106445	1.0000015303104361	-0.00010686721827258704	0.4355492640492898	0.00010686721827258704	1.0000015303104361	-0.14966191205781595
19.931316375732422	0.9998813820402611	-4.487950602058069e-05	0.4981482072295571	4.487950602058069e-05	0.9998813820402611	-0.025309271809465947
19.24586296081543	1.0000617629965478	-0.00012869498368946292	-0.018881887686016965	0.00012869498368946292	1.0000617629965478	-0.1815661129031026
18.873214721679688	0.9998576900946495	-4.731882316356083e-05	0.1713407347065646	4.731882316356083e-05	0.9998576900946495	-0.021694991531396805
19.04892921447754	0.9999971685430848	-4.563127853842089e-05	0.023880553885868093	4.563127853842089e-05	0.9999971685430848	-0.0372583058086612
19.077539443969727	0.9999580702762247	-4.353142682369739e-05	0.07224367600714462	4.353142682369739e-05	0.9999580702762247	-0.007399849624308356
18.914222717285156	1.0000126663632294	-5.817391694727966e-05	0.032358019761095584	5.817391694727966e-05	1.0000126663632294	-0.04625638976343388
19.260883331298828	0.9999121268918616	2.432925742307786e-05	0.12119814883477442	-2.432925742307786e-05	0.9999121268918616	0.0601997355859905
18.870115280151367	1.0000503119052044	1.9926653264526334e-06	-0.05884165792708898	-1.9926653264526334e-06	1.0000503119052044	-0.011749873147598608
19.170284271240234	0.99985358845346	7.63475457845899e-05	0.15722044060389478	-7.63475457845899e-05	0.99985358845346	0.11686818295991383
19.05083656311035	1.000116927609489	1.8040197402234722e-05	-0.11064468623274375	-1.8040197402234722e-05	1.000116927609489	-0.028679442777140518
19.497394561767578	1.0003582295706732	-4.2516753514861764e-05	-0.4205251410267555	4.2516753514861764e-05	1.0003582295706732	-0.2927402628671622
19.486427307128906	1.000179807977178	1.735351207925321e-05	-0.2763541414122294	-1.735351207925321e-05	1.000179807977178	-0.12005624218874632
20.665884017944336	1.000042779030504	1.9609725194570124e-05	-0.04661495245834966	-1.9609725194570124e-05	1.000042779030504	0.01780052969384382
19.472837448120117	0.9999158413458796	1.5823923436618037e-06	0.2564094687571949	-1.5823923436618037e-06	0.9999158413458796	0.06485765982963644
19.211530685424805	1.000014260632202	-1.7439918343773717e-05	-0.08459355458194401	1.7439918343773717e-05	1.000014260632202	-0.011406580407394715
19.103527069091797	1.0000825991537365	-3.2424374317339693e-06	-0.1358102183094638	3.2424374317339693e-06	1.0000825991537365	-0.028735336033448442
19.063472747802734	1.0000104735868698	1.5710344809976385e-05	-0.04771321346216839	-1.5710344809976385e-05	1.0000104735868698	-0.002681047586824706
19.34218406677246	1.0000289143157022	9.774516660162219e-06	-0.12442398313990344	-9.774516660162219e-06	1.0000289143157022	-0.0243385534800424
19.139766693115234	1.0000165353045878	2.977335876736272e-05	-0.12466118019504084	-2.977335876736272e-05	1.0000165353045878	-0.005650390108796909
18.977880477905273	0.9999716763900753	1.3660561827783759e-05	0.03521401481788844	-1.3660561827783759e-05	0.9999716763900753	0.009527848934427723
19.75274085998535	0.9999069580150217	9.707766058123096e-05	0.5385916938198713	-9.707766058123096e-05	0.9999069580150217	0.08457915856218046
20.372867584228516	0.9999603726079638	4.793479046832904e-05	0.9348871696760378	-4.793479046832904e-05	0.9999603726079638	0.05126960105567734
19.205570220947266	1.0000557809418136	-2.1038666527970553e-05	0.023202438258147082	2.1038666527970553e-05	1.0000557809418136	-0.05483698328769825
19.810199737548828	1.0001000733929428	-4.113434542484145e-05	-0.5291388530429568	4.113434542484145e-05	1.0001000733929428	-0.19891398630192964
19.548892974853516	1.000051773193531	-7.394405608852889e-05	-0.24436857362746842	7.394405608852889e-05	1.000051773193531	-0.12763427212324557
19.078969955444336	1.000075647058578	3.6049125134444534e-05	-0.11695851050598347	-3.6049125134444534e-05	1.000075647058578	-0.03900115988540952
18.674373626708984	1.0000380010208938	7.223997391778507e-06	-0.028696444446895442	-7.223997391778507e-06	1.0000380010208938	-0.0053569251063515
18.74089241027832	1.0000378058698691	3.737618641241292e-05	-0.05761064269883709	-3.737618641241292e-05	1.0000378058698691	0.01076000849384965
18.996000289916992	1.0000033918681486	1.19843315875971e-05	-0.08466216756371461	-1.19843315875971e-05	1.0000033918681486	0.021369027402968477
19.3634033203125	1.000034577693801	6.408699705320411e-05	-0.19155434785737657	-6.408699705320411e-05	1.000034577693801	0.09257199156207252
19.34528350830078	1.0000172133746343	5.6900817503685244e-05	-0.2161170062774415	-5.6900817503685244e-05	1.0000172133746343	0.08379884952576433
19.680261611938477	1.0000347520823176	1.8120575918702142e-05	-0.11121410754324657	-1.8120575918702142e-05	1.0000347520823176	0.044786305971994476
19.524097442626953	1.0000084508753488	-6.8329744790604535e-06	-0.2941781741103717	6.8329744790604535e-06	1.0000084508753488	0.05300111351794929
19.383668899536133	1.000009593307039	-1.761045511044613e-05	-0.23415896686744817	1.761045511044613e-05	1.000009593307039	0.02117382222175732
19.193410873413086	1.0000065321627345	2.7968896407626756e-06	-0.014494401964559048	-2.7968896407626756e-06	1.0000065321627345	0.05789138429128602
19.462108612060547	0.9999245670346717	7.642919293489584e-05	0.004684677149729237	-7.642919293489584e-05	0.9999245670346717	0.2584828983184861
19.689321517944336	0.9999689939479723	-2.688481448256296e-05	-0.20917884993396216	2.688481448256296e-05	0.9999689939479723	0.0946872131164474
20.20859718322754	1.0000249544985251	-3.3960910387897426e-05	-0.7316479171688264	3.3960910387897426e-05	1.0000249544985251	0.13200086231447533
19.691944122314453	1.0000319730448437	0.00010387738653110359	-0.3984524649806751	-0.00010387738653110359	1.0000319730448437	0.1385175116946894
19.81973648071289	0.9999356126111663	6.85343306126455e-05	0.3551432333173764	-6.85343306126455e-05	0.9999356126111663	0.09253682787397438
19.886493682861328	0.9999170725695201	-5.867580733871415e-05	0.5011262869614248	5.867580733871415e-05	0.9999170725695201	0.028176537041376012
18.959522247314453	0.9999770566426731	-4.079584968014789e-05	0.04029305508858768	4.079584968014789e-05	0.9999770566426731	-0.02502907423397663
19.11330223083496	1.0000487906026578	-3.075213695464651e-05	-0.15253441274918206	3.075213695464651e-05	1.0000487906026578	-0.04162742828173539
19.43516731262207	1.0000454683949	-1.8625904245285127e-05	-0.25279739830719183	1.8625904245285127e-05	1.0000454683949	-0.04099129550710838
19.81329917907715	1.0000209885548512	0.00010590088954550567	-0.4570157525351952	-0.00010590088954550567	1.0000209885548512	-0.00889578397504337
19.14691925048828	0.9999687771584992	5.027260300666054e-05	-0.060227751516935345	-5.027260300666054e-05	0.9999687771584992	0.020759041905918957
19.563913345336914	0.9999641930657147	-4.09575611610636e-05	0.21465484102587534	4.09575611610636e-05	0.9999641930657147	-0.036263415612822564
19.275903701782227	0.9999585019393048	-2.0793479799028574e-05	0.16963674622902988	2.0793479799028574e-05	0.9999585019393048	-0.022168373441338325
19.455432891845703	0.9999050387256163	4.616709064103369e-06	0.3398908009570233	-4.616709064103369e-06	0.9999050387256163	0.0022245092898436902
23.250102996826172	0.9999439052947495	-3.301720653230047e-05	0.41295035419273735	3.301720653230047e-05	0.9999439052947495	-0.047143602014560804
19.149303436279297	1.0000263916551937	-7.488550366140123e-05	-0.12487115639726143	7.488550366140123e-05	1.0000263916551937	-0.09369345615473332
19.659757614135742	0.9999865218962257	-1.712721737324381e-05	-0.312271478107293	1.712721737324381e-05	0.9999865218962257	-0.014504939728606923
19.536495208740234	0.9999737484687672	-3.6073706306944374e-06	-0.2393035602475655	3.6073706306944374e-06	0.9999737484687672	0.0021862183895093035
19.801616668701172	1.0000476673385745	-3.154135719099733e-05	-0.45045253953229214	3.154135719099733e-05	1.0000476673385745	-0.04113334330539217
19.109487533569336	0.9998588852902098	8.777690676812483e-05	0.19131735524979795	-8.777690676812483e-05	0.9998588852902098	0.10644828921088832
19.626617431640625	0.999920875625113	8.64038318980104e-05	0.341578713521372	-8.64038318980104e-05	0.999920875625113	0.13500628961936986
19.058704376220703	0.9998715764809948	1.1264828044546326e-05	0.15973734901668407	-1.1264828044546326e-05	0.9998715764809948	0.06718883843286624
19.582271575927734	0.9998869711120493	-3.302574369457353e-07	0.3474083089378219	3.302574369457353e-07	0.9998869711120493	0.034357450850197306
19.182205200195312	0.9999906681847694	-6.77230201595494e-05	0.14164087066437903	6.77230201595494e-05	0.9999906681847694	-0.046449065236588094
19.13309097290039	1.0000229155562261	-5.847009715420775e-05	-0.07686259148011575	5.847009715420775e-05	1.0000229155562261	-0.054445814701854514
19.678115844726562	1.0000092603967743	-5.135205779518352e-05	-0.3058005863764308	5.135205779518352e-05	1.0000092603967743	-0.04710819054651419
19.672870635986328	0.9999764774773212	-2.5625305784783578e-05	-0.18675559624801713	2.5625305784783578e-05	0.9999764774773212	-0.02388649936431941
19.44112777709961	0.9999545372368137	-4.281023623292466e-05	-0.16582834558305556	4.281023623292466e-05	0.9999545372368137	-0.018967312628977023
19.696950912475586	0.9999442350079402	-9.594969971370236e-06	-0.3159976360177469	9.594969971370236e-06	0.9999442350079402	0.002553737563850798
19.704818725585938	0.99998236523118	5.2799038845936085e-05	-0.40149144028603206	-5.2799038845936085e-05	0.99998236523118	0.036007452975073045
19.6230411529541	0.9998698784571226	0.00015346767189576937	0.38293485541032246	-0.00015346767189576937	0.9998698784571226	0.161058679294175
20.111560821533203	0.9999298852299582	2.363636688131223e-05	0.6630234232609871	-2.363636688131223e-05	0.9999298852299582	0.04663640081435139
19.1497802734375	0.9999485364551366	7.925469789513153e-05	0.06809001042701694	-7.925469789513153e-05	0.9999485364551366	0.09889007941303131
20.189285278320312	1.0000212957951897	1.3163846287471026e-05	-0.2671989560338088	-1.3163846287471026e-05	1.0000212957951897	0.0034614372504105095
19.345760345458984	0.9999589778305562	2.2304339035199758e-05	-0.18379694456990142	-2.2304339035199758e-05	0.9999589778305562	0.028756685304674692
19.67024803161621	0.9999075637335019	8.655032472049984e-05	0.3939632942138263	-8.655032472049984e-05	0.9999075637335019	0.11302872208536961
19.608259201049805	0.9999406578067677	3.261556535570286e-05	0.31963535134854176	-3.261556535570286e-05	0.9999406578067677	0.060723520604510604
18.863916397094727	0.999983059942286	-1.245879313071984e-05	0.032586844850400504	1.245879313071984e-05	0.999983059942286	-0.005892517340743202
19.529104232788086	1.000012095942105	-5.9404001012128555e-05	-0.14960768812547454	5.9404001012128555e-05	1.000012095942105	-0.06838772245076043
18.975257873535156	0.9998988147583994	-3.919293677362703e-06	0.08018315259072506	3.919293677362703e-06	0.9998988147583994	0.016645860062707702
19.4244384765625	0.9999149393680152	-6.494478464736941e-05	0.2628016832836848	6.494478464736941e-05	0.9999149393680152	-0.03420554001684206
20.01357078552246	1.0000277717818	-8.439519934548318e-05	-0.5223660789592965	8.439519934548318e-05	1.0000277717818	-0.10500681313249713
20.03026008605957	1.0000080307227384	-1.873904976458456e-05	-0.6527336539783546	1.873904976458456e-05	1.0000080307227384	-0.06268781009335861
18.930673599243164	0.9999021591035201	1.4153103278968392e-05	0.07822593192626907	-1.4153103278968392e-05	0.9999021591035201	0.00286225796403175
19.963741302490234	0.9998595816448126	9.669807421548509e-05	0.6913103748156177	-9.669807421548509e-05	0.9998595816448126	0.036414259546067806
20.09749412536621	0.9999555632948991	-5.732066066724555e-05	0.5601743262127171	5.732066066724555e-05	0.9999555632948991	-0.19976996766482125
19.773244857788086	0.9999364959249407	-4.475821213714419e-05	0.46061362737575784	4.475821213714419e-05	0.9999364959249407	-0.1079000351575866
20.351171493530273	0.9999335769411904	-0.00012154401051909353	0.7336126228278294	0.00012154401051909353	0.9999335769411904	-0.2428263120582798
19.715070724487305	0.9999287495151502	-5.7729353548731106e-05	0.49138057571891913	5.7729353548731106e-05	0.9999287495151502	-0.0902822783616572
19.1800594329834	1.0000144143164962	-6.992884376925008e-05	-0.09270693908207088	6.992884376925008e-05	1.0000144143164962	-0.13147940223273882
19.091129302978516	0.9999768949259706	-9.058179240347756e-05	-0.033796059907304415	9.058179240347756e-05	0.9999768949259706	-0.13405910284137654
20.117521286010742	1.000000203132329	-9.512601690075549e-05	-0.04657972670026065	9.512601690075549e-05	1.000000203132329	-0.1302166405715063
19.526004791259766	0.9999771021349533	1.926967224685712e-05	-0.22798513392763406	-1.926967224685712e-05	0.9999771021349533	-0.12038784110177578
19.773244857788086	0.9999295722514154	4.032540993262566e-05	0.2732105749205707	-4.032540993262566e-05	0.9999295722514154	-0.08768223287253536
19.654035568237305	0.9999691222461882	3.044884324576227e-07	0.22839633021939354	-3.044884324576227e-07	0.9999691222461882	-0.08877008080811712
19.17123794555664	0.9999881051932588	4.923230276319269e-06	0.04881549306442267	-4.923230276319269e-06	0.9999881051932588	-0.010718995252403557
19.75250244140625	0.9999423543894055	1.3993276421634493e-05	0.3765456355348094	-1.3993276421634493e-05	0.9999423543894055	0.031614045413583286
19.811153411865234	0.9999806783030422	-7.022920195549304e-05	0.30953176083612943	7.022920195549304e-05	0.9999806783030422	-0.053678545798375873
20.024538040161133	1.00005099118521	-6.141568193401114e-05	-0.4933356142455954	6.141568193401114e-05	1.00005099118521	-0.06598100054068431
19.986867904663086	0.9999449275748377	4.5605718281642384e-05	-0.44891864021477423	-4.5605718281642384e-05	0.9999449275748377	0.06913256653965055
18.951892852783203	0.9999884135785243	2.775973047101422e-05	-0.043477272411740486	-2.775973047101422e-05	0.9999884135785243	0.012543442763157026
19.491910934448242	0.9999569170613339	4.3752053007548773e-05	0.23720662661935232	-4.3752053007548773e-05	0.9999569170613339	0.0505288145883378
19.626140594482422	0.9999585591727939	5.396318559505177e-05	0.2600090127175512	-5.396318559505177e-05	0.9999585591727939	0.06498514723759471
19.932031631469727	0.9999184064717033	2.8721724576773613e-05	0.5752364453471779	-2.8721724576773613e-05	0.9999184064717033	0.06735189472129156
20.050048828125	0.9999944845733038	-3.9505497516013374e-05	0.5342770561897077	3.9505497516013374e-05	0.9999944845733038	-0.05989990143999818
18.994808197021484	1.0000047526614928	-2.004302136664692e-05	-0.019394737850721294	2.004302136664692e-05	1.0000047526614928	-0.027419009452674975
18.770456314086914	0.9999822744334775	2.1386269598497798e-05	0.011092018057227537	-2.1386269598497798e-05	0.9999822744334775	0.024877208544204166
19.54054832458496	0.9999987157710944	-3.9831414404164535e-06	0.11971221255479134	3.9831414404164535e-06	0.9999987157710944	-0.17468215992287522
19.47760581970215	0.9999784296994303	2.640487545397818e-07	0.14542512141421715	-2.640487545397818e-07	0.9999784296994303	-0.1610177470115073
19.748926162719727	0.9999427182937811	-9.913312655135269e-05	0.08458781609323708	9.913312655135269e-05	0.9999427182937811	-0.13947052675484342
23.24819564819336	0.9998528054647207	-0.00022308069406981877	0.3235296329708484	0.00022308069406981877	0.9998528054647207	-0.27476579383002403
19.834041595458984	0.999908196022964	-7.431551141407231e-05	0.5609108812824543	7.431551141407231e-05	0.999908196022964	-0.07759564913675471
19.861936569213867	0.9999370119861488	-5.683922298412371e-05	0.43517918907652875	5.683922298412371e-05	0.9999370119861488	-0.049161586204296115
19.71721649169922	0.9999649222508459	-0.0001052905699682977	-0.1859842559872289	0.0001052905699682977	0.9999649222508459	-0.10030842830870582
20.39813995361328	1.000039154414498	-0.00011678547949532794	-0.845307107051821	0.00011678547949532794	1.000039154414498	-0.10855736477948452
20.13111114501953	0.9999746685315669	-6.2509910386078485e-06	-0.5885147066751631	6.2509910386078485e-06	0.9999746685315669	-0.0030505238397887727
19.889116287231445	0.9998748377759649	0.0001000455048200876	0.40881932892578965	-0.0001000455048200876	0.9998748377759649	0.0970356092348761
20.340442657470703	0.9999162499379823	8.560190311294757e-05	0.7400332077005225	-8.560190311294757e-05	0.9999162499379823	0.07832495497597433
19.315242767333984	1.000005486492545	-3.497871182248491e-05	0.12896825278157925	3.497871182248491e-05	1.000005486492545	-0.0087834133128181
19.78898048400879	1.0000365542456098	3.203215369178345e-05	-0.45330473158069595	-3.203215369178345e-05	1.0000365542456098	0.08653934850536239
19.746780395507812	0.9998898049802549	0.00020104010913054546	-0.29251412167377316	-0.00020104010913054546	0.9998898049802549	0.330846102576099
19.095420837402344	1.0000171519488623	0.00015403313320475965	-0.09538952813526137	-0.00015403313320475965	1.0000171519488623	0.20609668616505228
