21.778583526611328	1.0022687835475836	0.0004636479039138871	2.1554896343748298	-0.0004636479039138871	1.0022687835475836	0.1398543585798019
21.70562744140625	1.0021528337774492	-0.0005014815617865874	1.6530711355301766	0.0005014815617865874	1.0021528337774492	-2.3110537893635357
21.908283233642578	1.0023761397699225	-0.000796090079893547	2.168350669711837	0.000796090079893547	1.0023761397699225	-3.36991647839203
26.47686004638672	1.0033158488638354	-0.0008061074308718069	1.9414136384993887	0.0008061074308718069	1.0033158488638354	-5.124853057829264
21.414995193481445	1.0022485747807401	-0.0010801076876597437	-0.3061038876660678	0.0010801076876597437	1.0022485747807401	-3.927305365401654
21.626710891723633	1.0029035142489646	-0.002229789363672632	-0.4172367110859422	0.002229789363672632	1.0029035142489646	-3.981394977589962
21.427631378173828	1.0017094858914843	-0.000953595365770148	0.18241315926954121	0.000953595365770148	1.0017094858914843	-2.2651705119434222
21.410226821899414	1.0019730434423213	-0.0009540322034018431	-0.3464268951352179	0.0009540322034018431	1.0019730434423213	-2.0975949410395858
21.413564682006836	1.0031429568145949	-0.0016527538555693134	-2.2557373155669054	0.0016527538555693134	1.0031429568145949	-3.314572524457967
21.290302276611328	1.002103582055299	-0.001177805035736591	-2.4674072355219487	0.001177805035736591	1.002103582055299	-0.569837906641067
21.320343017578125	1.0021018117674336	-0.0005079085025281613	-2.514076322309216	0.0005079085025281613	1.0021018117674336	-2.546650226458589
21.822690963745117	1.0027277191665864	-0.0011958208286988045	-4.965661681421807	0.0011958208286988045	1.0027277191665864	1.4252055067586373
23.369550704956055	1.0019358920032118	-0.0006307296577019022	-5.042706488256873	0.0006307296577019022	1.0019358920032118	-0.6442889900452657
21.70276641845703	1.002612808233564	-0.0003220041027532433	-7.160963203248796	0.0003220041027532433	1.002612808233564	0.6596253956320002
21.76523208618164	1.002155019405881	-4.715421308159294e-05	-5.490858680932428	4.715421308159294e-05	1.002155019405881	0.5408164521030857
21.62790298461914	1.001985038015306	0.00038157578506098924	-5.4455348836601605	-0.00038157578506098924	1.001985038015306	-0.1828602264063323
21.77572250366211	1.0033456731470152	0.0003557868767922006	-7.432371068492003	-0.0003557868767922006	1.0033456731470152	-2.118571988195403
21.884441375732422	1.002221871818467	0.0009237180647604547	-5.991231802316003	-0.0009237180647604547	1.002221871818467	-1.1208013925010347
21.90709114074707	1.0033077013697893	0.0014777644763365933	-8.473563240022608	-0.0014777644763365933	1.0033077013697893	-0.96602896469361
21.73137664794922	1.002293274576391	0.0006960678293155409	-5.269693223840973	-0.0006960678293155409	1.002293274576391	-1.096551984511752
21.64149284362793	1.002055951261774	0.0013054885462825782	-5.2208687318640195	-0.0013054885462825782	1.002055951261774	0.7381854165161483
21.881818771362305	1.0033770566229387	0.0013152274444102562	-7.080900636477992	-0.0013152274444102562	1.0033770566229387	0.9730662529443896
21.486997604370117	1.002167980191603	0.0014390611116665605	-3.8903598437111357	-0.0014390611116665605	1.002167980191603	2.4820012223394143
21.808862686157227	1.00302777967884	0.0016532507306426976	-5.750533373225938	-0.0016532507306426976	1.00302777967884	4.616742866328633
21.457195281982422	1.0027784875414827	0.00036011159995751984	-5.188743172850582	-0.00036011159995751984	1.0027784875414827	-0.3338265611301621
21.78812026977539	1.0016424706642713	0.0006224383575432778	-2.9375715068491237	-0.0006224383575432778	1.0016424706642713	5.414274900922542
21.386146545410156	1.003313691269475	0.0005004074764344771	-3.632399285832946	-0.0005004074764344771	1.003313691269475	0.15181745421925977
21.33965492248535	1.0019445285686526	0.00032431189720022403	-2.8587879065316164	-0.00032431189720022403	1.0019445285686526	1.7137989692769349
21.531105041503906	1.0026742556264456	-0.0001400940147850006	-3.8411142459899494	0.0001400940147850006	1.0026742556264456	0.4417566584216387
20.99442481994629	1.0019781211342038	-0.0012672017818997207	-1.1018196306640864	0.0012672017818997207	1.0019781211342038	-1.7501472017516866
22.449016571044922	1.0021542825259615	-0.0011646880551890683	-1.4246570086195334	0.0011646880551890683	1.0021542825259615	-1.7708461444197954
21.445512771606445	1.00301371668985	-0.0010372386698274093	-2.1573442262192932	0.0010372386698274093	1.00301371668985	-1.8869548393538262
21.485328674316406	1.002387657862597	-0.0016666204852341048	-1.214260551835437	0.0016666204852341048	1.002387657862597	-3.4903050134583458
21.71492576599121	1.0033896176254478	-0.002712210183407673	-1.772830668772222	0.002712210183407673	1.0033896176254478	-4.2606375027153
21.27552032470703	1.0024948684208865	-0.002002526231379576	-1.6692132363243697	0.002002526231379576	1.0024948684208865	-3.2238181682698306
21.28767967224121	1.0025855578925773	-0.0012235153467232854	-1.9069784330537392	0.0012235153467232854	1.0025855578925773	-2.318967277712835
21.63410186767578	1.0037770817674692	-0.001987747039500692	-3.2255638973046725	0.001987747039500692	1.0037770817674692	-3.669540321304249
21.60358428955078	1.0022231800936134	-0.0010000633973028172	-2.7718535218297355	0.0010000633973028172	1.0022231800936134	0.5761588166635949
21.619319915771484	1.0036303744974815	-0.0007726212482346219	-1.958567574086861	0.0007726212482346219	1.0036303744974815	-1.7653204105510705
21.446704864501953	1.0021971170634918	-0.0009868311639382912	-0.9560874268179971	0.0009868311639382912	1.0021971170634918	-0.24971534663034745
21.258831024169922	1.0027179937913857	-0.00047167984346216607	-2.4991812381544287	0.00047167984346216607	1.0027179937913857	-1.9789045186561913
21.43716812133789	1.0034673804903367	-0.0005091672703533269	-3.976406849529021	0.0005091672703533269	1.0034673804903367	-1.2874720429783293
21.5604305267334	1.0025563940843853	-0.00015612103462072372	-3.4342326937832364	0.00015612103462072372	1.0025563940843853	-2.9818874206428982
22.01700210571289	1.0038800299970914	0.0005821338389354339	-4.963498996887919	-0.0005821338389354339	1.0038800299970914	-5.207765878972482
21.648883819580078	1.0027731299425875	0.0008683994307952975	-3.910737935122105	-0.0008683994307952975	1.0027731299425875	-3.227490615692058
21.582841873168945	1.0030451967254517	0.001608881830269488	-4.383808752291973	-0.001608881830269488	1.0030451967254517	-2.6035353729374853
22.08089828491211	1.003654395562756	0.0018759099253878562	-6.152173520278943	-0.0018759099253878562	1.003654395562756	-2.3617834184186384
21.737337112426758	1.0027934445995472	0.0014805859225410559	-4.452157711141745	-0.0014805859225410559	1.0027934445995472	-0.6383817711785168
21.776914596557617	1.003560939800431	0.0027521450676010932	-5.410350261556369	-0.0027521450676010932	1.003560939800431	0.8206616824317239
21.28744125366211	1.0028324662853911	0.0010676951167292413	-3.9931771180802293	-0.0010676951167292413	1.0028324662853911	-0.6064905278534076
21.184444427490234	1.0021362653631691	0.0009299173160478676	-2.060532204186896	-0.0009299173160478676	1.0021362653631691	1.0273701964064212
22.103548049926758	1.0036620889917645	0.001874437399520911	-7.249948138204671	-0.001874437399520911	1.0036620889917645	0.43174538171741994
21.422386169433594	1.002379122249378	0.00044854091764740694	-1.0095828067245043	-0.00044854091764740694	1.002379122249378	-1.6275546389724567
21.848440170288086	1.0039700648682117	-0.000280676861020913	-2.1750918096092673	0.000280676861020913	1.0039700648682117	-4.723570052171806
21.538496017456055	1.0026971533676876	0.00015607257700129496	-1.4409428504469144	-0.00015607257700129496	1.0026971533676876	-3.340107707481849
21.69036865234375	1.002289102524356	-0.00022019954190337932	-0.6946755225080768	0.00022019954190337932	1.002289102524356	-3.3470105232431373
22.055864334106445	1.0038334766906054	-0.0016724333226301594	-2.04261609273056	0.0016724333226301594	1.0038334766906054	-9.249338484827913
21.691083908081055	1.0027689638263666	-0.0009097419444870318	-1.600884745004249	0.0009097419444870318	1.0027689638263666	-5.390048101341476
22.06563949584961	1.0042663562641672	-0.0009969914349873188	-2.921405935979475	0.0009969914349873188	1.0042663562641672	-7.984886207101239
21.708965301513672	1.0026491564251305	-0.0008836090534364732	-2.377182722547849	0.0008836090534364732	1.0026491564251305	-4.72646828662344
21.520376205444336	1.0025689061175578	-0.0010301614470567535	-2.6924938776618847	0.0010301614470567535	1.0025689061175578	-3.7893044082292224
21.87514305114746	1.0031632689752588	-0.0006241811575811916	-3.160459494327934	0.0006241811575811916	1.0031632689752588	-2.915580014455899
21.673917770385742	1.0024227537295438	0.0002995160059854641	-2.9880234552646545	-0.0002995160059854641	1.0024227537295438	-1.73832028875986
21.936655044555664	1.0031449400613806	0.0003628004899160581	-4.015451569591858	-0.0003628004899160581	1.0031449400613806	-1.47878802371636
21.3162899017334	1.0022702027049357	0.0003978748472296387	-3.662740989366175	-0.0003978748472296387	1.0022702027049357	-0.4878778821638006
22.539138793945312	1.0025968050175573	-0.00036680405812834354	-5.060715496667758	0.00036680405812834354	1.0025968050175573	-0.9135105849991958
22.078275680541992	1.0025729827474419	-0.0012356821595154032	-8.416170817249284	0.0012356821595154032	1.0025729827474419	-1.4271130371614453
21.927833557128906	1.00231181913284	-0.0007005035426783992	-6.35434323205005	0.0007005035426783992	1.00231181913284	-1.4822335685363561
22.2475528717041	1.0029073916632043	-0.0007468567255517738	-10.231380866909578	0.0007468567255517738	1.0029073916632043	-0.44370223200677905
22.143840789794922	1.0028582544960019	-0.0005807320978154335	-7.691001730994811	0.0005807320978154335	1.0028582544960019	-3.7587505600375124
22.09949493408203	1.0029173160886429	-0.0005562082058140139	-6.945848776975114	0.0005562082058140139	1.0029173160886429	-4.00061145254063
22.515058517456055	1.003206383531624	-0.00021901115458588545	-9.717604963910356	0.00021901115458588545	1.003206383531624	-4.932452958264226
22.205591201782227	1.0026193837756316	-0.0003603055662881323	-7.238406178690996	0.0003603055662881323	1.0026193837756316	-3.934962428849502
22.667646408081055	1.0028161037365295	0.0003865992324259505	-8.903789422528572	-0.0003865992324259505	1.0028161037365295	-2.4549621252914746
22.02129364013672	1.0019292074308528	0.0003036394623759194	-6.29805545792839	-0.0003036394623759194	1.0019292074308528	-0.3338492894221566
22.037506103515625	1.0023438168736296	0.0005505079481013139	-6.923189819975446	-0.0005505079481013139	1.0023438168736296	-0.5392936586580991
22.649049758911133	1.002854778533871	0.0011516462177852708	-8.124185323763896	-0.0011516462177852708	1.002854778533871	1.1108594092107895
22.002458572387695	1.0016701241229775	0.0010550448188426664	-3.4874569644837683	-0.0010550448188426664	1.0016701241229775	3.3573914549261996
22.83477783203125	1.0024285876667778	0.0009598389378564747	-5.917995633085768	-0.0009598389378564747	1.0024285876667778	1.2720615555272219
21.81077003479004	1.0015444463572258	0.0009981601921527459	-1.9534530576095717	-0.0009981601921527459	1.0015444463572258	2.656486414713726
21.298885345458984	1.0022255266078435	0.0002732122005749551	-1.9729136457842729	-0.0002732122005749551	1.0022255266078435	-0.6416372138171924
22.124767303466797	1.0026618561073162	0.0008880544438515807	-1.6950677698587648	-0.0008880544438515807	1.0026618561073162	0.8754549016689452
21.89159393310547	1.0017973600211048	0.0007202679623003253	-0.3036342317944264	-0.0007202679623003253	1.0017973600211048	0.5066171882234475
22.305965423583984	1.0026065915382638	0.0002647104095017095	1.4382313235627346	-0.0002647104095017095	1.0026065915382638	-0.9953868112498429
22.01557159423828	1.0021391707881988	0.000219469180585147	1.1473741753841686	-0.000219469180585147	1.0021391707881988	-0.2162142079672312
21.98028564453125	1.001749373954779	0.0008800218041005603	1.3147821150199408	-0.0008800218041005603	1.001749373954779	-0.4712107636254381
22.451400756835938	1.0025288536041734	-0.0005051575473217527	-0.721715196590038	0.0005051575473217527	1.0025288536041734	-2.4902441010000644
21.57306671142578	1.0020689095188358	-0.00019872204939253512	-2.0498117042613915	0.00019872204939253512	1.0020689095188358	-0.4058706705455999
22.02606201171875	1.0022673219507003	-0.00037232352132977203	-1.9532311111634784	0.00037232352132977203	1.0022673219507003	0.8051343213296428
21.819353103637695	1.001743872320601	-5.9999952825798966e-05	-1.8155632329129405	5.9999952825798966e-05	1.001743872320601	0.9354397414559086
21.741867065429688	1.0018055355717839	-0.00036591338567661287	-0.9985813168007662	0.00036591338567661287	1.0018055355717839	0.8380221989324276
22.146940231323242	1.0023824585904906	-0.000454514780114521	-2.540094836463644	0.000454514780114521	1.0023824585904906	3.9004036521154433
21.248340606689453	1.0022915120229858	-0.0005260078817359954	-2.148910046907608	0.0005260078817359954	1.0022915120229858	-0.7045451549852793
21.825790405273438	1.001359528502678	-0.0006676232329449637	-0.14173276462407228	0.0006676232329449637	1.001359528502678	2.955065780167171
21.90423011779785	1.0025610608749174	-0.000678830725746988	-3.4446489220033882	0.000678830725746988	1.0025610608749174	0.4834799885621122
21.27361297607422	1.0020428648535658	-0.0005382299886518692	-1.5563807432787842	0.0005382299886518692	1.0020428648535658	-0.4193986995677476
21.654129028320312	1.0025101581374476	-0.0006167667863174766	-3.527008263568384	0.0006167667863174766	1.0025101581374476	-0.012667705643130382
21.305322647094727	1.0019681697693992	-0.0006232567388275542	-2.869611306852697	0.0006232567388275542	1.0019681697693992	-1.987181109387975
21.39759063720703	1.0017528018239115	0.0005018014561109108	-2.8345282753910532	-0.0005018014561109108	1.0017528018239115	-1.0109028211510123
21.566390991210938	1.0027048113503045	0.0006461870186634249	-3.932119859261407	-0.0006461870186634249	1.0027048113503045	-1.9974389685216765
21.328210830688477	1.001763813790272	0.0004704828221584778	-3.03330943174727	-0.0004704828221584778	1.001763813790272	-0.6726112191903633
23.101329803466797	1.0028276248914005	0.000916260787886696	-4.4058764659333045	-0.000916260787886696	1.0028276248914005	-0.577672907515422
21.1336612701416	1.0019667768138707	0.0008411501165438883	-2.9075078849976	-0.0008411501165438883	1.0019667768138707	-0.020039718662653045
21.19302749633789	1.0018780853465548	0.0009187007655447712	-2.7884535416481024	-0.0009187007655447712	1.0018780853465548	0.837351724310761
21.66914939880371	1.0026947227063259	0.0014001652537227523	-5.114638115473264	-0.0014001652537227523	1.0026947227063259	3.1482484091161385
21.06928825378418	1.001349081484181	0.0007257133946099663	-2.312782840714574	-0.0007257133946099663	1.001349081484181	-0.4930916133622224
22.193431854248047	1.0022718848236578	0.001832604124330615	-2.8060222523858815	-0.001832604124330615	1.0022718848236578	6.104798768043192
21.567344665527344	1.002199948270481	0.0007435865901211048	0.09307979852229004	-0.0007435865901211048	1.002199948270481	-1.8420769311149798
21.524429321289062	1.002076198487622	0.0009452645911553762	0.13461607428555317	-0.0009452645911553762	1.002076198487622	1.061915409766876
21.580219268798828	1.0023168901414028	0.0013255154061079053	0.0217953184079529	-0.0013255154061079053	1.0023168901414028	0.4767154955096843
21.35467529296875	1.001982529412708	0.000420465289758925	-0.37324804776570014	-0.000420465289758925	1.001982529412708	-2.1838924352702365
21.838665008544922	1.002935505101938	0.00013034228949663704	0.7259663698503422	-0.00013034228949663704	1.002935505101938	-3.7770368972089345
21.349430084228516	1.0020167767286368	0.0003087967566368408	-0.7479734495150226	-0.0003087967566368408	1.0020167767286368	-3.246103197366319
21.38805389404297	1.0022391955328145	0.0003819721707798903	-1.6106141801681984	-0.0003819721707798903	1.0022391955328145	-2.724409030746427
21.52085304260254	1.0030595195891885	-4.8019019200388027e-05	-2.954558335490614	4.8019019200388027e-05	1.0030595195891885	-2.8158947575157347
21.22950553894043	1.0017932582364242	0.0003332557752893481	-1.5051137264690877	-0.0003332557752893481	1.0017932582364242	-1.6993628674252943
21.36969566345215	1.003327509492997	0.000356459792553657	-4.200957148223072	-0.000356459792553657	1.003327509492997	-0.9791431385035287
21.451234817504883	1.0020901577250962	-9.671804577304462e-06	-3.7026498481681203	9.671804577304462e-06	1.0020901577250962	-1.285487908646222
21.5456485748291	1.0020836393784098	-0.00010173559357958613	-4.746711260047558	0.00010173559357958613	1.0020836393784098	0.6054492726693741
24.28150177001953	1.0034383882977813	0.00015021434367223598	-6.506939036756939	-0.00015021434367223598	1.0034383882977813	-1.2701991161267985
21.331310272216797	1.0018791205142983	0.0005452232780685689	-4.127462771718476	-0.0005452232780685689	1.0018791205142983	2.2863675921194195
21.47650718688965	1.0032699290437503	0.0009046199043297024	-5.73081783798993	-0.0009046199043297024	1.0032699290437503	-0.5039231095634971
21.18062973022461	1.002268653935924	0.0004357110171072611	-3.3960577698533148	-0.0004357110171072611	1.002268653935924	-0.24563583151805934
21.527767181396484	1.0022114349789581	-0.00037453858207662133	-4.311623970254051	0.00037453858207662133	1.0022114349789581	-0.21540074507583368
21.941423416137695	1.0035518758583635	-0.0003698145094914111	-8.696746454854571	0.0003698145094914111	1.0035518758583635	-3.150355485472927
21.71802520751953	1.0026583991247817	0.00018721577952820947	-6.3422891412066855	-0.00018721577952820947	1.0026583991247817	-2.509497520396413
22.059202194213867	1.0039127658965639	0.0005305211479422041	-8.662297902407447	-0.0005305211479422041	1.0039127658965639	-3.6716033514682267
21.575212478637695	1.0022616820573758	0.000971448061221729	-4.519101312923815	-0.000971448061221729	1.0022616820573758	-1.623530631006382
21.465778350830078	1.0023078710217437	0.0010997837677802793	-3.839726022669522	-0.0010997837677802793	1.0023078710217437	-0.8925275102420959
21.59738540649414	1.003444993649768	0.001481031915926058	-5.02980267588613	-0.001481031915926058	1.003444993649768	-0.7919572756397393
21.28434181213379	1.0022023706713952	0.000974264220904009	-3.158043691755543	-0.000974264220904009	1.0022023706713952	-0.5856640975668316
21.668434143066406	1.0036063464279068	0.0016261562395602778	-6.215119519994033	-0.0016261562395602778	1.0036063464279068	0.9561632886383571
21.152019500732422	1.0018588131725468	0.0004700502493730676	-3.0582134875287155	-0.0004700502493730676	1.0018588131725468	-0.735117993946975
21.82316780090332	1.002054310336609	0.001409400404147455	-3.136459511458212	-0.001409400404147455	1.002054310336609	3.2855926118930254
21.615266799926758	1.003103008691714	0.0017397502010165406	-1.7649194145927343	-0.0017397502010165406	1.003103008691714	0.8124681213092511
21.27218246459961	1.0020868327535155	0.0007771629344508	-0.6407655384914629	-0.0007771629344508	1.0020868327535155	-0.300336527644684
21.75164222717285	1.0025939341957106	0.0017559250604371	0.015472078063701837	-0.0017559250604371	1.0025939341957106	1.712181042457232
23.20718765258789	1.0019737123722356	0.0007922644505805419	0.563649384857198	-0.0007922644505805419	1.0019737123722356	-0.958249803197801
21.62027359008789	1.0023061967163716	8.737918349619605e-05	0.5518162572908539	-8.737918349619605e-05	1.0023061967163716	-2.41952354142858
21.773338317871094	1.0032823503814359	0.0008312536364876535	0.26502939462611197	-0.0008312536364876535	1.0032823503814359	-2.3098051882433515
21.31199836730957	1.001934214165348	-0.00013319008432444637	-1.142289667869605	0.00013319008432444637	1.001934214165348	-2.03611434638259
21.821260452270508	1.0034032884581223	-0.0011543908866728319	-2.3532134781698333	0.0011543908866728319	1.0034032884581223	-3.9868834362457957
21.32439613342285	1.002070018018113	-0.0007361103457715102	-1.4333091508000577	0.0007361103457715102	1.002070018018113	-1.6911938615699942
21.552324295043945	1.00261260313627	-6.725235743031371e-05	-2.3702708322525616	6.725235743031371e-05	1.00261260313627	-2.2174893363949675
21.696090698242188	1.003608032382079	-0.0008486150883284045	-2.87183448805127	0.0008486150883284045	1.003608032382079	-2.626539392838954
21.321535110473633	1.002417286722381	-0.0008973265770517057	-2.248577495980754	0.0008973265770517057	1.002417286722381	-1.697098533247088
21.809101104736328	1.0034631433848962	-0.0009676695603660847	-2.7918195325235597	0.0009676695603660847	1.0034631433848962	-3.3659543923875748
21.722078323364258	1.001764612462461	0.00012816250280288564	-0.9266970858173724	-0.00012816250280288564	1.001764612462461	3.2052437410392427
21.984577178955078	1.0025595786696817	-0.00039981933977277636	-4.13071243392166	0.00039981933977277636	1.0025595786696817	-2.450557881499831
21.54684066772461	1.0029182670901535	5.278780814666439e-05	-3.2884096349793968	-5.278780814666439e-05	1.0029182670901535	0.6569078185930032
21.313190460205078	1.0025743334176649	-0.00041533939390737365	-2.8349050984270057	0.00041533939390737365	1.0025743334176649	-0.575494618578971
21.665334701538086	1.003206430420935	-0.00039752352754534594	-3.471348126278353	0.00039752352754534594	1.003206430420935	-2.055116978039229
21.134614944458008	1.002363123290857	0.00044935504819965935	-3.143969799575805	-0.00044935504819965935	1.002363123290857	-0.5437904406561047
21.32391929626465	1.0020480083801178	0.0009878275215978241	-2.9877055897240656	-0.0009878275215978241	1.0020480083801178	-0.13866562354271048
21.67987823486328	1.0032183268758292	0.0009454167249903161	-4.981141114803958	-0.0009454167249903161	1.0032183268758292	-1.6603742732806017
23.061513900756836	1.0023977530742563	0.0005895958194476434	-3.4589256298471858	-0.0005895958194476434	1.0023977530742563	-0.8394054382127579
21.70848846435547	1.0035029199265886	0.0006849188409551294	-4.353394413453952	-0.0006849188409551294	1.0035029199265886	-0.01953121759630147
21.375179290771484	1.002033463486743	0.0002651930606293695	-2.212611026080248	-0.0002651930606293695	1.002033463486743	1.3233381804402904
21.320581436157227	1.001976885072345	-0.0003600025274812082	-2.62583016456653	0.0003600025274812082	1.001976885072345	0.3662954428293404
21.83246612548828	1.0021596311638796	-0.00022093640604964456	-1.368081569145775	0.00022093640604964456	1.0021596311638796	3.9930946205704925
21.27385139465332	1.002122348804269	-0.0007412422253365337	-0.33482869330459875	0.0007412422253365337	1.002122348804269	-1.5523620441311667
22.16482162475586	1.001834541428188	0.00047731135599137127	3.9293293483705334	-0.00047731135599137127	1.001834541428188	6.755657654645831
21.699190139770508	1.0020123162421368	-0.0012664126400795982	1.8304241774342045	0.0012664126400795982	1.0020123162421368	-0.6896393292216823
21.67034149169922	1.0018159708453787	-0.0010132232096869364	1.4372896031483546	0.0010132232096869364	1.0018159708453787	0.6717464167295157
21.958589553833008	1.0029173558498379	-0.0012559567353800812	1.0197168343490592	0.0012559567353800812	1.0029173558498379	-0.9254985364071335
21.70848846435547	1.0020844278139955	-0.0010036951186055906	1.3964036290282704	0.0010036951186055906	1.0020844278139955	-1.9589732844087777
21.89183235168457	1.0031518570348088	-0.002071928089622866	0.3193141189404378	0.002071928089622866	1.0031518570348088	-4.363730897062606
21.549701690673828	1.0022571208604372	-0.001127513244151338	-1.0073900085849932	0.001127513244151338	1.0022571208604372	-3.810056501467568
21.607637405395508	1.0020834976505968	-0.001161329504390525	-1.2390327686909162	0.001161329504390525	1.0020834976505968	-2.9097154631437987
22.011756896972656	1.0031219420207211	-0.002049740065027573	-1.9958575180061937	0.002049740065027573	1.0031219420207211	-4.240193315109199
21.54254913330078	1.002370533112973	-0.00120050591162304	-2.058887047529036	0.00120050591162304	1.002370533112973	-2.9308284996469194
21.8505859375	1.003240995403547	-0.0013747430704027378	-3.392313648813204	0.0013747430704027378	1.003240995403547	-2.436634431326639
21.47507667541504	1.0024214074857056	-0.0012355026832823544	-3.6171967250598063	0.0012355026832823544	1.0024214074857056	-2.8570193752199082
22.916316986083984	1.0020741091450374	-0.0014592087064805137	-3.755232140276549	0.0014592087064805137	1.0020741091450374	0.273228261991274
22.04608917236328	1.003788628499892	-0.0015640888940086637	-8.079884840347313	0.0015640888940086637	1.003788628499892	-3.1285418793978845
21.851062774658203	1.0019711965024558	-0.0011816980749306976	-5.323563226580959	0.0011816980749306976	1.0019711965024558	-0.5265769495655812
21.708965301513672	1.0026659707718806	-0.000934122347079016	-6.987471491145367	0.000934122347079016	1.0026659707718806	-3.0029370511389213
22.11594581604004	1.0039078536504789	-0.0015510947764783112	-10.885348586893313	0.0015510947764783112	1.0039078536504789	-1.3809365713251036
21.944046020507812	1.002893617667042	-0.0015075055166158975	-8.563474863456607	0.0015075055166158975	1.002893617667042	-2.694634270226433
22.266626358032227	1.0043861903162332	-0.0010308345548216517	-10.903765366850896	0.0010308345548216517	1.0043861903162332	-4.760667099726121
22.028684616088867	1.0018888209022572	-5.0039397725208094e-05	-5.9289359394697945	5.0039397725208094e-05	1.0018888209022572	-1.6368302458187085
22.07469940185547	1.0028509058600479	-0.000566783865388742	-8.017275876639918	0.000566783865388742	1.0028509058600479	-3.0367164523191317
22.22466468811035	1.0029801152740918	0.00035247316771208224	-9.519608067323135	-0.00035247316771208224	1.0029801152740918	-2.1855290165626315
21.801233291625977	1.0029039723419988	-0.00013807518151148952	-7.092243233537495	0.00013807518151148952	1.0029039723419988	-1.6545378160622555
22.10068702697754	1.0028587758404297	0.0003949828066037455	-8.73256511171145	-0.0003949828066037455	1.0028587758404297	-1.267893233099592
21.875619888305664	1.0026055432850949	0.0005427560079911598	-6.120678365758253	-0.0005427560079911598	1.0026055432850949	0.2546098906305827
21.801233291625977	1.0022356093043903	0.0005557390735484117	-4.079405533774249	-0.0005557390735484117	1.0022356093043903	2.78103002418216
22.22132682800293	1.0034103117475264	0.0011963262380671829	-7.1787983742127865	-0.0011963262380671829	1.0034103117475264	0.6064991861995553
21.399259567260742	1.0018391405068403	0.00048118745330032664	-2.4886945250674968	-0.00048118745330032664	1.0018391405068403	1.6461806830659031
21.665096282958984	1.0033797189410318	0.0004079634741408858	-4.592926441300703	-0.0004079634741408858	1.0033797189410318	-1.1679807724293865
21.264314651489258	1.0028113380026584	0.0005788222547024023	-3.9945425890837756	-0.0005788222547024023	1.0028113380026584	0.007538613386758708
21.303176879882812	1.0020618500245808	0.0005058231200329496	-2.645492251215744	-0.0005058231200329496	1.0020618500245808	0.8786997601528077
21.537303924560547	1.0036461221321467	-0.00045754195683122883	-4.277386691843529	0.00045754195683122883	1.0036461221321467	-2.0133603056125793
21.1184024810791	1.0025169126612496	-0.00013953143654636747	-2.493007567099089	0.00013953143654636747	1.0025169126612496	-0.9250992691686258
21.816253662109375	1.003126835084175	0.0004881045867554291	-3.740012442938338	-0.0004881045867554291	1.003126835084175	-0.8482927025923226
21.48270606994629	1.0023047151366642	-0.00017110455891380136	-3.386487729662472	0.00017110455891380136	1.0023047151366642	-1.0054116469721883
21.332979202270508	1.0024101433169978	-0.0006203566074820851	-3.234525727040505	0.0006203566074820851	1.0024101433169978	-1.7995725160507698
21.80933952331543	1.002763876945895	-9.552932055893592e-06	-1.6977201036998846	9.552932055893592e-06	1.002763876945895	0.5166428645472388
21.587371826171875	1.0020790505310284	-0.0006435382116744849	-0.4291055615004767	0.0006435382116744849	1.0020790505310284	-0.9893000402694923
21.96979522705078	1.0029067089826498	-0.0011704010954688127	0.6668616039907531	0.0011704010954688127	1.0029067089826498	-0.19708464323115904
21.65961265563965	1.0022428077398189	-0.0006848861137888034	0.03732390250316908	0.0006848861137888034	1.0022428077398189	0.06893967569257257
21.456241607666016	1.002655409405447	-0.001274482634045314	-1.0888972164225543	0.001274482634045314	1.002655409405447	-0.6026894778868641
21.93593978881836	1.0028367302960557	-0.0012032719543808338	-0.10616967673810704	0.0012032719543808338	1.0028367302960557	0.048817575465715496
21.434545516967773	1.0025633973988943	-0.001309906998740517	-1.581383662375783	0.001309906998740517	1.0025633973988943	-1.8270999617081933
21.925687789916992	1.0031387398912015	-0.0018737305287227991	-1.8187320353108762	0.0018737305287227991	1.0031387398912015	-0.7204953343248427
21.460533142089844	1.0025009970141625	-0.0008822530074338688	-2.8492231367409526	0.0008822530074338688	1.0025009970141625	-2.399885803143542
21.636962890625	1.002597947590404	-0.0006988730719401692	-2.7222823626545356	0.0006988730719401692	1.002597947590404	-2.8072127251880485
22.34506607055664	1.003304561678773	0.0003863265560223847	-4.112155911759774	-0.0003863265560223847	1.003304561678773	-1.5031232213888517
21.79884910583496	1.00258139276424	0.0005934849842896006	-3.9256585504896795	-0.0005934849842896006	1.00258139276424	-1.8580706914750036
22.089242935180664	1.0028138255961376	0.0012261912177547675	-3.990612904124153	-0.0012261912177547675	1.0028138255961376	-0.7351454030576549
21.78168296813965	1.0026972729558281	0.001251470614542894	-2.268049597494973	-0.001251470614542894	1.0026972729558281	0.8577010088005083
22.063493728637695	1.0025905780570055	0.0012753264267280325	-1.7225780106821507	-0.0012753264267280325	1.0025905780570055	-0.2940437508070005
22.392988204956055	1.0027442260213544	0.001590561449386619	-1.5442767714479946	-0.001590561449386619	1.0027442260213544	1.2280723025098061
22.03202247619629	1.0021054275547174	0.0011731274175691608	0.204763245834103	-0.0011731274175691608	1.0021054275547174	2.571441524184445
22.342920303344727	1.0026352637347824	0.0013776073968405017	0.6799076116847114	-0.0013776073968405017	1.0026352637347824	1.0186273176435443
22.247314453125	1.0018062378259327	0.00045876183937803834	1.9237361673269722	-0.00045876183937803834	1.0018062378259327	1.0074684628842971
22.02320098876953	1.0020619646748667	0.00022938511272497912	2.2513722175270114	-0.00022938511272497912	1.0020619646748667	-0.7033380501145404
22.414684295654297	1.0025357378070923	0.00011245659715835839	3.7218229989788925	-0.00011245659715835839	1.0025357378070923	-0.00852221074858206
22.139310836791992	1.0019377008806127	-2.3917863100254415e-05	2.254068321267175	2.3917863100254415e-05	1.0019377008806127	-1.2381628968488876
22.582292556762695	1.0042420647253616	-0.0012272969960183983	3.7901968560495853	0.0012272969960183983	1.0042420647253616	-5.708429199543708
22.043704986572266	1.002758607970012	0.00017658681894284649	2.902857449336811	-0.00017658681894284649	1.002758607970012	-2.3743679281774726
22.23491668701172	1.0024237601198949	5.0293857179504176e-05	2.435985413347162	-5.0293857179504176e-05	1.0024237601198949	-3.666198317044565
22.374868392944336	1.0033851430523162	-0.0012007497262863638	2.0977351166384617	0.0012007497262863638	1.0033851430523162	-5.853417928410844
21.834373474121094	1.0023833044386206	-0.0006942726900527396	0.8142263207391622	0.0006942726900527396	1.0023833044386206	-2.319625598111049
22.024154663085938	1.0030968662366644	-0.0009585585478870897	1.1998550272510722	0.0009585585478870897	1.0030968662366644	-2.9377055706961603
21.438121795654297	1.002396683067991	-8.690083885373845e-05	0.28880460805432895	8.690083885373845e-05	1.002396683067991	-1.5478745995525318
22.710800170898438	1.002529590077923	-0.00037884240700966355	-0.01658075457679864	0.00037884240700966355	1.002529590077923	-1.7381018665183092
21.905183792114258	1.0029016523865615	-0.0004850676908647219	0.9323392391105869	0.0004850676908647219	1.0029016523865615	-1.9893259960136536
21.545886993408203	1.0029671557030522	-0.0005227086803580848	-0.38419364218903984	0.0005227086803580848	1.0029671557030522	-0.8796392062544705
21.69346809387207	1.0030867588777497	-0.00016987118329181398	0.7913160485372672	0.00016987118329181398	1.0030867588777497	-0.4130704783621934
21.233320236206055	1.0024849990758757	-0.0005307559269602666	-0.2556395823719313	0.0005307559269602666	1.0024849990758757	-1.8457947380242306
21.49796485900879	1.0026288015091833	-0.0006315348194149579	-0.39777832136919883	0.0006315348194149579	1.0026288015091833	-1.6669610995845425
21.570682525634766	1.0035646189900849	-0.0011866940646826502	-2.6950052337888275	0.0011866940646826502	1.0035646189900849	-4.49342607717343
21.432876586914062	1.0026660574585473	-0.00041267360392861953	-1.931050155090096	0.00041267360392861953	1.0026660574585473	-3.6063087592864287
21.818161010742188	1.0038316384982306	0.0012130312985543779	-3.486337632179268	-0.0012130312985543779	1.0038316384982306	-2.958972378140492
21.23117446899414	1.0021740170297562	0.0009242867074669288	-2.46947991174083	-0.0009242867074669288	1.0021740170297562	-1.4072214238069223
21.29340171813965	1.002438168336135	0.001985074018012899	-2.354072001792156	-0.001985074018012899	1.002438168336135	-0.34721179973033944
21.55303955078125	1.0032798255034527	0.0029285299679718806	-2.466950652846644	-0.0029285299679718806	1.0032798255034527	0.8218721962382467
21.085023880004883	1.0023042888994178	0.0019040584052597146	-2.0254509835754675	-0.0019040584052597146	1.0023042888994178	0.7070064726549623
21.59595489501953	1.0034596058813066	0.0025912681485132988	-3.1542494106868255	-0.0025912681485132988	1.0034596058813066	2.4702729358834263
21.528959274291992	1.0020804551944744	0.001301905450332885	-1.5817389008045093	-0.001301905450332885	1.0020804551944744	3.6598551889555266
21.493911743164062	1.0014103162960588	0.001440352559345611	1.2432601853693233	-0.001440352559345611	1.0014103162960588	-0.3141389079115737
22.33719825744629	1.0016899148790126	0.002197859061486409	2.9330931206562125	-0.002197859061486409	1.0016899148790126	7.462644581008871
21.863222122192383	1.002458273339946	0.0005849597481625507	1.807542246353512	-0.0005849597481625507	1.002458273339946	-2.7313864289587464
22.17721939086914	1.0030033312213542	0.0007264519046527349	1.9124305914905761	-0.0007264519046527349	1.0030033312213542	1.5260711353426486
21.315813064575195	1.0021835605226788	0.0004929314079928919	0.39432811894335346	-0.0004929314079928919	1.0021835605226788	-0.5842789314238116
21.59857749938965	1.0026072957304595	-0.0004096136502483467	0.33189856303219567	0.0004096136502483467	1.0026072957304595	-2.564974116899283
21.95453643798828	1.0040381826560885	-0.00018608885180622608	-0.5587051725004928	0.00018608885180622608	1.0040381826560885	-4.295880630735331
21.33011817932129	1.0021212375177349	-0.00015664796831065932	-0.08956410964183872	0.00015664796831065932	1.0021212375177349	-2.3984566700908156
21.86441421508789	1.0035368199804031	-0.00039852021224820656	-0.4107588797070369	0.00039852021224820656	1.0035368199804031	-3.4647943164626085
21.44479751586914	1.0022121190703694	-0.00033480315274760346	-0.9236448625480513	0.00033480315274760346	1.0022121190703694	-2.134642726950254
21.279096603393555	1.0024460887550237	0.00011694085858611957	-1.5184117684293226	-0.00011694085858611957	1.0024460887550237	-1.2914172561850896
21.394968032836914	1.0033990031134077	0.0001906533204131262	-1.8050315462082671	-0.0001906533204131262	1.0033990031134077	-1.2479197257995485
21.37446403503418	1.002778209486587	0.00013631921712245774	-1.1365227184910238	-0.00013631921712245774	1.002778209486587	-1.4396956971112644
21.492958068847656	1.0030155692757494	-0.0005695166380135637	-1.2913351565681044	0.0005695166380135637	1.0030155692757494	-0.42379286455381354
21.495342254638672	1.0020091529246957	0.0003117337097281639	0.09161449785749283	-0.0003117337097281639	1.0020091529246957	1.177751885630244
21.161317825317383	1.0024430768480148	2.6304353687223512e-05	-2.3352233111864527	-2.6304353687223512e-05	1.0024430768480148	-1.2694839343707052
21.537065505981445	1.0036771291654853	0.00014739749588224739	-2.1573913440956156	-0.00014739749588224739	1.0036771291654853	-1.5617541376772484
21.123647689819336	1.0019717477166612	0.00038697290270397366	-2.129923504978424	-0.00038697290270397366	1.0019717477166612	-0.7953803504038178
21.379709243774414	1.0023681547399228	-0.00018057373601271844	-3.4478565616717987	0.00018057373601271844	1.0023681547399228	-2.4194159495866203
21.915674209594727	1.0048398016228353	0.00010218603978781546	-10.02403774365512	-0.00010218603978781546	1.0048398016228353	-6.35381773395529
22.09615707397461	1.0030457477583279	0.0007549515359028261	-7.925442700970321	-0.0007549515359028261	1.0030457477583279	-2.191153676296507
22.063493728637695	1.00521544794707	0.0007325312714887224	-11.281197107682791	-0.0007325312714887224	1.00521544794707	-6.322391500804326
21.473169326782227	1.0032123107078692	0.0012150263781298706	-6.789736004252279	-0.0012150263781298706	1.0032123107078692	-1.5566559578171284
21.433115005493164	1.0028663202045618	0.0013067841410681394	-6.162281481246534	-0.0013067841410681394	1.0028663202045618	-0.4509782850592504
21.80790901184082	1.004204845824236	0.0020257365914460317	-8.816595291484342	-0.0020257365914460317	1.004204845824236	-1.612584718183465
21.41284942626953	1.0024184152640907	0.0016401511428185435	-4.835945942023185	-0.0016401511428185435	1.0024184152640907	1.0713308818135292
21.623611450195312	1.0024448220238569	0.0027409897613525623	-4.411199873619837	-0.0027409897613525623	1.0024448220238569	3.627699588016572
21.46434783935547	1.003056690927469	0.001055926535293479	-3.6755696556226383	-0.001055926535293479	1.003056690927469	-2.9794076694753024
21.713733673095703	1.0017527489334046	0.001930761047682136	-0.2881820023177565	-0.001930761047682136	1.0017527489334046	6.5225104038472805
21.81100845336914	1.0039110453121964	0.0017265380367010074	-2.7330423076892174	-0.0017265380367010074	1.0039110453121964	-2.769324803701731
21.126270294189453	1.0025315257830953	0.0009658846706221241	-2.2498226405168236	-0.0009658846706221241	1.0025315257830953	1.3262968393846217
21.482467651367188	1.0032540012163922	0.0014987154380056984	-0.4509299159372722	-0.0014987154380056984	1.0032540012163922	0.56418051166653
21.404027938842773	1.0022288140169802	0.000298598475436381	0.6075400156687683	-0.000298598475436381	1.0022288140169802	-0.48909368835804534
21.355152130126953	1.0020650516277152	9.327293183264505e-06	0.523443806188224	-9.327293183264505e-06	1.0020650516277152	-0.06492646244210454
21.584749221801758	1.0032611007413157	0.0002896628994290642	-0.8110448161138244	-0.0002896628994290642	1.0032611007413157	-1.6538016238780153
21.120786666870117	1.0020900375466544	-0.0010867375378609966	-0.4431005813960047	0.0010867375378609966	1.0020900375466544	-1.1701459122603695
21.549463272094727	1.0029468797575962	-0.0013045656513371124	-1.0876152567719795	0.0013045656513371124	1.0029468797575962	-0.13785673891652106
21.322250366210938	1.001872265527144	-0.0009064296621198799	-0.47344260079508693	0.0009064296621198799	1.001872265527144	0.5947416997189955
21.51799201965332	1.0020769542790928	-0.0006824010329138344	-0.7858814981963393	0.0006824010329138344	1.0020769542790928	1.6950899326087643
21.884679794311523	1.002324535360008	-0.0017357946340561933	-0.13410876697273588	0.0017357946340561933	1.002324535360008	3.6502825155216883
21.426677703857422	1.0027238200679158	-0.0014079073301952036	-1.3802996989579377	0.0014079073301952036	1.0027238200679158	-3.316716073940492
21.768808364868164	1.0014653834967675	-0.0016220078422732886	0.9239220955018927	0.0016220078422732886	1.0014653834967675	6.609299096700402
21.291017532348633	1.0018379064244094	-0.0010249946953354526	-0.736132452187718	0.0010249946953354526	1.0018379064244094	0.8773539872252539
21.577835083007812	1.0017830894776814	-0.0008603341000649266	-0.20123833483285195	0.0008603341000649266	1.0017830894776814	2.7072163986747686
21.93927764892578	1.0030186637656313	-0.001501453102484126	-2.0356866025143026	0.001501453102484126	1.0030186637656313	2.8595758989666473
21.358966827392578	1.0021112747196144	-0.0008102750520294465	-1.6435331424112696	0.0008102750520294465	1.0021112747196144	1.1633003569352558
21.949291229248047	1.0024781668813794	-5.3081101765574085e-05	-1.9706209691828482	5.3081101765574085e-05	1.0024781668813794	4.2955431672682645
21.44598960876465	1.002161667661348	0.00019077625246389585	-2.2669606114608287	-0.00019077625246389585	1.002161667661348	2.345474446314391
21.491289138793945	1.0022150205347582	9.518725676821754e-06	-2.5828005475928073	-9.518725676821754e-06	1.0022150205347582	2.8697576918266576
21.809816360473633	1.0024478673125965	0.0004197062621898964	-2.601776564603643	-0.0004197062621898964	1.0024478673125965	5.486447036475779
21.892547607421875	1.0019130411701023	0.0008907712963180457	-2.263495405835096	-0.0008907712963180457	1.0019130411701023	4.812058183239425
21.95143699645996	1.0030178204825089	0.0012530414732476387	-3.924960832500738	-0.0012530414732476387	1.0030178204825089	7.284415542335007
21.694660186767578	1.0018328961383292	0.00046514890485060273	-1.3555130438750242	-0.00046514890485060273	1.0018328961383292	6.990136557781711
21.288394927978516	1.0024631138126237	0.0004920527045861719	-3.840791414513264	-0.0004920527045861719	1.0024631138126237	0.5833041685145137
22.322893142700195	1.001828252135882	0.0005976886892661402	2.542417872498532	-0.0005976886892661402	1.001828252135882	10.91149835827834
21.996498107910156	1.002293058061264	0.0003638391352287756	0.6553498929793075	-0.0003638391352287756	1.002293058061264	3.071825164565368
22.374629974365234	1.0025992371624668	0.0005498366175834042	1.5521249668670487	-0.0005498366175834042	1.0025992371624668	6.865399147671332
25.20275115966797	1.0024119015797972	0.000472373132591833	1.3317717403924152	-0.000472373132591833	1.0024119015797972	1.7064644678805212
21.97718620300293	1.0026184973813859	-0.00036195621692406945	2.294669824855314	0.00036195621692406945	1.0026184973813859	0.3249791013718368
22.205829620361328	1.003711995718866	-0.0004964820338564663	1.2367616334198874	0.0004964820338564663	1.003711995718866	0.6360431284499954
21.344661712646484	1.002722302444017	-0.00017735437264016377	-1.344779540780502	0.00017735437264016377	1.002722302444017	-0.46002552559780624
21.65699005126953	1.00372621229727	-0.0010662341103229369	-1.1915088936918423	0.0010662341103229369	1.00372621229727	-1.1926116239681792
21.65699005126953	1.0024916351570663	-0.0006799813463167647	0.027318003098309396	0.0006799813463167647	1.0024916351570663	-0.7568176314454395
21.76809310913086	1.002622087910267	-0.00015207095154088883	0.32455086717068243	0.00015207095154088883	1.002622087910267	-0.40988622851393813
21.994590759277344	1.0035335869369801	-0.0002480402926718664	0.8218313867378254	0.0002480402926718664	1.0035335869369801	-0.6922835796380581
21.580934524536133	1.0023302985728	-0.0008284491353631458	-0.8733842759718591	0.0008284491353631458	1.0023302985728	0.6241509403501082
22.20749855041504	1.0037897196799876	-0.0002207955159281686	-0.6147878122995322	0.0002207955159281686	1.0037897196799876	-0.9656183546558378
21.9268798828125	1.0018254096396784	5.525047531819947e-05	-0.24512164913996182	-5.525047531819947e-05	1.0018254096396784	2.693847127432966
21.488666534423828	1.0030772929503755	-0.0002563483835737039	-2.5774952495122894	0.0002563483835737039	1.0030772929503755	-2.0133443212774558
22.156238555908203	1.0035051938360355	6.948214855172783e-05	-3.5241047418016294	-6.948214855172783e-05	1.0035051938360355	2.5140411071313307
21.3472843170166	1.0026433478552554	0.0005286832595509466	-3.6506966703859156	-0.0005286832595509466	1.0026433478552554	0.4115267064584023
22.224903106689453	1.0040417316684187	0.00046706767984483455	-5.111725073734084	-0.00046706767984483455	1.0040417316684187	-3.2125758915278326
21.497488021850586	1.0032810683854108	0.0004582093884235492	-4.0400805463185865	-0.0004582093884235492	1.0032810683854108	-1.791022361541251
21.70705795288086	1.003321077082996	0.0006503618132779547	-4.488742566728376	-0.0006503618132779547	1.003321077082996	-2.6866896536077807
22.112369537353516	1.0038753475106084	0.0009059279881315788	-4.733383553248177	-0.0009059279881315788	1.0038753475106084	-1.6885613377400424
23.181438446044922	1.0026621910798394	0.00040731524875295714	-2.389489358068485	-0.00040731524875295714	1.0026621910798394	-0.3769539090721591
22.1099853515625	1.0033450051579187	0.001286455840018974	-4.388715592321813	-0.001286455840018974	1.0033450051579187	0.9652053588056576
21.741628646850586	1.0029466681304797	8.343883916392782e-06	-4.779732547148846	-8.343883916392782e-06	1.0029466681304797	-1.3414958486378938
21.889925003051758	1.002375722425849	0.00013524922076208414	-3.7728048470253635	-0.00013524922076208414	1.002375722425849	0.4096849920083937
22.508621215820312	1.0038025598439353	-6.668296702876889e-05	-5.147792031242883	6.668296702876889e-05	1.0038025598439353	-2.5706423997077223
21.92544937133789	1.0022345137377522	0.0004660863429762621	-2.1770665294201614	-0.0004660863429762621	1.0022345137377522	6.102906797866435
22.235870361328125	1.0038032922225366	-0.0015597683632159291	-1.4139484749055466	0.0015597683632159291	1.0038032922225366	-4.93447330472007
21.57902717590332	1.0021644265139118	-0.0007641587380427396	-2.348949213840841	0.0007641587380427396	1.0021644265139118	0.7170821130029266
21.282434463500977	1.0026881533600958	-0.0007441646218019171	-3.039152075681052	0.0007441646218019171	1.0026881533600958	-1.6819678805419986
22.070884704589844	1.0040207320322039	-0.0019058223196438044	-3.0608972964595904	0.0019058223196438044	1.0040207320322039	-5.372934264948161
21.921396255493164	1.0031196889165286	-0.00147717056078146	-2.039875244475871	0.00147717056078146	1.0031196889165286	-4.322776273773326
22.523880004882812	1.0038738225519455	-0.001510277612363047	-1.9009877663838792	0.001510277612363047	1.0038738225519455	-6.170391243987501
21.997690200805664	1.0027697868697094	-0.0008080763609509215	-1.7279519306612545	0.0008080763609509215	1.0027697868697094	-4.037094735526356
21.810531616210938	1.002935778928697	-0.00136234032678114	-2.3699982898825995	0.00136234032678114	1.002935778928697	-4.564488625768275
22.255897521972656	1.0036152745755806	-0.0013163699533075286	-1.5898360209785074	0.0013163699533075286	1.0036152745755806	-4.026590833740967
22.01700210571289	1.0025851036730673	-0.00030821821116299537	-0.12548571558444488	0.00030821821116299537	1.0025851036730673	-2.0896326412593025
22.287368774414062	1.0036588693436213	-0.0008283287733063618	0.26713950825112565	0.0008283287733063618	1.0036588693436213	-2.3796812914991547
21.960735321044922	1.0023844001349582	-0.00031604138019053875	0.030564483319993167	0.00031604138019053875	1.0023844001349582	-0.7002912344999953
24.20830726623535	1.0030014618852943	-0.00041967928203776847	-0.7983396966668351	0.00041967928203776847	1.0030014618852943	-1.4391813098378838
22.470474243164062	1.003677475395079	-0.00010693127178896942	-2.8617316964799864	0.00010693127178896942	1.003677475395079	-4.825072647175633
21.92378044128418	1.0026521779385307	0.00010698314339814373	-1.9853817081552678	-0.00010698314339814373	1.0026521779385307	-4.473670313036847
22.276878356933594	1.0040053709205425	-0.0008558872446816692	-3.91421360790011	0.0008558872446816692	1.0040053709205425	-6.465083286791548
22.168397903442383	1.0026231554262814	-0.0006038694460009012	-3.08391925571439	0.0006038694460009012	1.0026231554262814	-6.143066845908838
22.147655487060547	1.0027695086310213	-0.0004187661746936208	-3.445872422339368	0.0004187661746936208	1.0027695086310213	-6.457671502271012
22.315025329589844	1.0032803631392746	-9.405878002127256e-05	-6.312203398192828	9.405878002127256e-05	1.0032803631392746	-8.538649075766658
22.506237030029297	1.0022794314675354	-6.741191794274853e-05	-5.520698473060612	6.741191794274853e-05	1.0022794314675354	-5.906862089833021
22.284746170043945	1.00205592657067	-0.0005443606085815092	-4.583343355178471	0.0005443606085815092	1.00205592657067	-6.151681677246496
22.71270751953125	1.003172715559106	0.0006428263188640912	-5.09926935455381	-0.0006428263188640912	1.003172715559106	-6.167191949228107
22.078514099121094	1.002233913680309	0.000309188209000491	-2.6476439893296364	-0.000309188209000491	1.002233913680309	-3.6500320674116637
22.128582000732422	1.0035161108193122	0.0009830658409344746	-4.170121882508449	-0.0009830658409344746	1.0035161108193122	-3.822964823059368
21.493911743164062	1.001837250754671	0.0008242556532122003	-1.7862463435262996	-0.0008242556532122003	1.001837250754671	0.6060425715115804
21.94046974182129	1.0029991818789783	0.0001857832850619955	-5.127896174630395	-0.0001857832850619955	1.0029991818789783	-3.368056132623645
22.157669067382812	1.0036459264845008	0.0017017545711859813	-3.7234261244287223	-0.0017017545711859813	1.0036459264845008	-0.06916865520763771
21.4996337890625	1.0026174198511217	0.0009726082524800038	-2.6651368678674374	-0.0009726082524800038	1.0026174198511217	-1.4924515257126079
21.739721298217773	1.0032554164594243	0.0020889601020782876	-4.6436849906012405	-0.0020889601020782876	1.0032554164594243	-0.5508740040318254
21.233558654785156	1.0018848399432532	0.0022654068356034833	-1.972594943412147	-0.0022654068356034833	1.0018848399432532	-0.08250262919599727
22.661447525024414	1.0021981023561635	0.0011713938833247104	-1.3600915822277764	-0.0011713938833247104	1.0021981023561635	-1.0829989702910092
21.350860595703125	1.003147448844834	0.0011234354910685247	-2.1373569090537137	-0.0011234354910685247	1.003147448844834	-0.253812859069952
21.083831787109375	1.0023825011994065	0.0008080704739048453	-1.9111453417916822	-0.0008080704739048453	1.0023825011994065	-0.9373571875012033
21.249055862426758	1.0030635749486205	-6.632712995009435e-06	-2.274586964772891	6.632712995009435e-06	1.0030635749486205	-2.271667136553516
21.02947235107422	1.0022243133946458	-5.227065860976379e-05	-1.6451573835191413	5.227065860976379e-05	1.0022243133946458	-1.3483193363946084
21.030426025390625	1.001628429305785	-0.00014015933765781604	-1.0622279167668975	0.00014015933765781604	1.001628429305785	0.006616409240872478
21.279335021972656	1.0030901100231395	-0.00042288208462637976	-1.7578100303284758	0.00042288208462637976	1.0030901100231395	-1.0924291154253254
21.27242088317871	1.0021446946128032	-0.0006383110910941868	-1.4916692441612525	0.0006383110910941868	1.0021446946128032	0.3602413426829807
21.3167667388916	1.0029253841743597	-0.0005920444454546066	-0.4039441537683314	0.0005920444454546066	1.0029253841743597	-2.671648787691107
21.068334579467773	1.0016322563958489	-0.0007518268437786304	-1.994389286764801	0.0007518268437786304	1.0016322563958489	0.8648945825107872
21.01731300354004	1.0023824161963664	0.00019809556591003405	-2.762393334603787	-0.00019809556591003405	1.0023824161963664	-2.3098018665755853
21.18062973022461	1.0032100970609206	0.0003488124188488896	-2.7450344338428816	-0.0003488124188488896	1.0032100970609206	-1.1211120579480283
21.32558822631836	1.0021716680927404	-8.840267299657428e-05	-3.4906459871979156	8.840267299657428e-05	1.0021716680927404	-3.1172776111196825
21.49653434753418	1.0032683507702385	0.00047546010519173014	-4.894770524406935	-0.00047546010519173014	1.0032683507702385	-5.104755051533906
21.459341049194336	1.0024522887355918	0.0004874633035456457	-4.489004857079182	-0.0004874633035456457	1.0024522887355918	-3.1758765494063317
21.58665657043457	1.0025877835294827	0.0006746234618377255	-5.135194129852994	-0.0006746234618377255	1.0025877835294827	-2.975391471373119
21.59714698791504	1.0037645964443445	0.00044648849360344245	-6.645562812748271	-0.00044648849360344245	1.0037645964443445	-3.3727699447201602
21.113157272338867	1.0022154492532076	0.0006338758967715043	-3.2047266416571256	-0.0006338758967715043	1.0022154492532076	-1.1452083812972584
22.791385650634766	1.0029171768605858	0.0009216355384844274	-5.717656190441828	-0.0009216355384844274	1.0029171768605858	-0.2852206758426269
21.06785774230957	1.001816259704289	0.0002570821374422759	-3.8615118102352195	-0.0002570821374422759	1.001816259704289	0.3405369260115273
21.37279510498047	1.0017507365655893	-6.334557161592519e-05	-3.9425007836726853	6.334557161592519e-05	1.0017507365655893	1.886617526467388
21.541833877563477	1.002265696142456	0.001141473918288172	-4.688453469771845	-0.001141473918288172	1.002265696142456	0.8652736822934666
21.300077438354492	1.0011797194868388	0.0003670638786754654	-1.4664616808154995	-0.0003670638786754654	1.0011797194868388	5.399023863193274
20.894527435302734	1.0023504533143015	0.00010186831866408543	-1.9155710496498097	-0.00010186831866408543	1.0023504533143015	-0.6044723969486903
20.947694778442383	1.00142472239961	0.0006274773511876451	-2.0757800366544954	-0.0006274773511876451	1.00142472239961	1.6482924670680639
20.932674407958984	1.0016302655542593	0.0005007555615785384	-1.858828809371304	-0.0005007555615785384	1.0016302655542593	1.2375136646632814
20.766019821166992	1.0025628382478329	-0.00045619290628615497	-2.525649467653384	0.00045619290628615497	1.0025628382478329	-1.3011794012690965
20.8282470703125	1.0019422534929299	-0.0002260825794281805	-0.9743846638008881	0.0002260825794281805	1.0019422534929299	-1.1807249512011633
20.54119110107422	1.002510094087836	0.00014888855451234285	-2.149748956326247	-0.00014888855451234285	1.002510094087836	-0.4450357117412292
20.72286605834961	1.0019135153028682	-0.0010135676197979987	-1.3429669148920562	0.0010135676197979987	1.0019135153028682	-2.2825247581158727
20.71237564086914	1.0018455359632128	-0.0010681879069742537	-1.4494117935746198	0.0010681879069742537	1.0018455359632128	-2.4141392927800926
20.99323272705078	1.0028114528501564	-0.0010517858891353306	-1.92071151021329	0.0010517858891353306	1.0028114528501564	-1.1507316696805034
20.743608474731445	1.0019708929921378	-0.0002967151053345863	-1.0888667063519784	0.0002967151053345863	1.0019708929921378	-1.9056199210173943
21.199464797973633	1.0029500226288224	-0.0012853828628750198	-0.9548574560852894	0.0012853828628750198	1.0029500226288224	-1.3252236644023077
21.00658416748047	1.0016722523076265	-0.0004128096297854504	-0.2842475341896083	0.0004128096297854504	1.0016722523076265	-0.899663401902071
21.35300636291504	1.0023963974771062	-0.0009794835848782766	-1.1759372209457972	0.0009794835848782766	1.0023963974771062	-1.899841112772624
22.248268127441406	1.0023413599601398	-0.001220312502568363	-0.545412061562898	0.001220312502568363	1.0023413599601398	-1.7402140231571122
20.862340927124023	1.0018804336941813	-0.0002949430450513125	-0.7611133907200466	0.0002949430450513125	1.0018804336941813	-0.6845040200850535
21.429061889648438	1.0027736641805225	-0.0015458371668043273	-0.836721038004774	0.0015458371668043273	1.0027736641805225	-3.340637403802876
21.144866943359375	1.0019526986393166	-0.0008998864202694684	-0.7737025052420059	0.0008998864202694684	1.0019526986393166	-3.834409449317978
21.20065689086914	1.0021453496193249	-0.0005819393616028751	-1.5419558125265078	0.0005819393616028751	1.0021453496193249	-4.128117767875411
21.36516571044922	1.003105376253679	1.0829237734119677e-05	-3.4148754302418767	-1.0829237734119677e-05	1.003105376253679	-4.067180248120785
21.100521087646484	1.0019503706370894	0.000163767550200837	-2.8568809118820995	-0.000163767550200837	1.0019503706370894	-2.219957281432807
21.252155303955078	1.0030725181365963	0.0011928695607069707	-3.5858554718626037	-0.0011928695607069707	1.0030725181365963	-1.7316678809413395
20.844697952270508	1.001899919968517	0.0011336026716643349	-2.1576278854428583	-0.0011336026716643349	1.001899919968517	-0.3274952935723853
21.059036254882812	1.001831212494524	0.001423044049212663	-0.9821757559632405	-0.001423044049212663	1.001831212494524	0.4201754030325501
21.6677188873291	1.0033701498368053	0.002075032003134825	-1.2551606817996996	-0.002075032003134825	1.0033701498368053	-1.8646073286097349
21.825551986694336	1.0020904687761782	0.0014915808061946713	0.8852719503350384	-0.0014915808061946713	1.0020904687761782	-2.3483594553652107
21.366596221923828	1.003285980005086	0.0013947357580555973	-1.4510411542196313	-0.0013947357580555973	1.003285980005086	-1.810005806435972
21.883726119995117	1.0026957486735149	0.0005158276088652007	-0.3435019494302099	-0.0005158276088652007	1.0026957486735149	-7.2287967086444
21.312475204467773	1.0021689375780196	-0.0002133925681631859	-1.2008481635214534	0.0002133925681631859	1.0021689375780196	-4.5826558956978065
21.66748046875	1.0032900686162847	0.00028574320591484814	-1.6989449455863987	-0.00028574320591484814	1.0032900686162847	-5.508452417202519
21.63410186767578	1.0025200250282271	-0.0001971153730291862	0.09886470770277067	0.0001971153730291862	1.0025200250282271	-5.7150833725961725
21.731853485107422	1.004082668637829	-0.00013032971074293962	1.1044283977271252	0.00013032971074293962	1.004082668637829	-8.743309726087379
22.670269012451172	1.0024120092176931	-0.0009881659577763127	-0.4372975674068779	0.0009881659577763127	1.0024120092176931	-5.635162798821851
21.488428115844727	1.0023836474247578	-0.0005758696746247497	-0.31242089406877743	0.0005758696746247497	1.0023836474247578	-4.661834408728685
21.407365798950195	1.003162084167666	-0.0005091695462529117	-1.3002184810575954	0.0005091695462529117	1.003162084167666	-4.410100046188201
20.85113525390625	1.0021359026685068	-0.000948524615335438	-1.395417340420857	0.000948524615335438	1.0021359026685068	-2.795581033825257
20.91360092163086	1.0027344042574047	-0.00013413610305548115	-1.6062735999343358	0.00013413610305548115	1.0027344042574047	-0.6962389247001826
20.908355712890625	1.001808998295843	-0.0006374375210781387	-0.9667633282151942	0.0006374375210781387	1.001808998295843	0.16509466567737463
20.943641662597656	1.0016976836252223	-0.000326412037813788	-0.4942007961181508	0.000326412037813788	1.0016976836252223	0.6842298905351152
21.218299865722656	1.0020304022984612	-0.0003593339504481116	-2.793359211142884	0.0003593339504481116	1.0020304022984612	1.9055833386786172
21.484375	1.0008931600879967	-0.0008348206517873583	-3.136345160374891	0.0008348206517873583	1.0008931600879967	4.44187248425344
21.867036819458008	1.0015915489403346	-0.001123574177150027	-5.8985622048194895	0.001123574177150027	1.0015915489403346	2.2604727839581855
21.67677879333496	1.0011041789530395	-4.847039704751184e-05	-4.557630891464703	4.847039704751184e-05	1.0011041789530395	3.4023460758016957
21.889448165893555	1.000920312922221	-0.0006105584953821634	-5.663781042720025	0.0006105584953821634	1.000920312922221	4.302990076863711
21.884918212890625	1.0021701425307104	-0.000996517035164787	-8.308684997912263	0.000996517035164787	1.0021701425307104	1.5134218127344659
21.90685272216797	1.0011915141794194	-0.0002305824132361958	-5.844778510068999	0.0002305824132361958	1.0011915141794194	2.429174724505766
21.837711334228516	1.0020417967909119	0.0002971731337033639	-9.822109130004515	-0.0002971731337033639	1.0020417967909119	4.427940353603718
21.679162979125977	1.0014404731593003	-7.140980548462349e-05	-6.46407492152848	7.140980548462349e-05	1.0014404731593003	2.048099021325253
21.872758865356445	1.0014508274783571	0.0004752884526578894	-6.502393192094034	-0.0004752884526578894	1.0014508274783571	3.4059680090056146
21.68583869934082	1.0020362812140395	0.0009366583534311922	-8.771978877214043	-0.0009366583534311922	1.0020362812140395	6.366096497897377
23.1320858001709	1.0012631033814106	0.0006453090651372073	-4.520270271783073	-0.0006453090651372073	1.0012631033814106	4.679703243585983
21.70538902282715	1.0012531914131315	0.0006031099779665139	-4.488631845447613	-0.0006031099779665139	1.0012531914131315	5.030827515259782
21.298646926879883	1.0018877260049366	0.0009763271968734556	-3.0431381548130156	-0.0009763271968734556	1.0018877260049366	6.1344591785977345
21.884918212890625	1.0010393569174085	7.5406875742564e-05	-4.565622403963211	-7.5406875742564e-05	1.0010393569174085	6.944642627185096
21.349668502807617	1.0022818529943196	0.0005614132990560993	-1.8006617961311608	-0.0005614132990560993	1.0022818529943196	3.6315975035939645
21.15797996520996	1.0013638830531628	0.0002996755752354229	-1.5313004775270165	-0.0002996755752354229	1.0013638830531628	3.3412749349505533
21.030187606811523	1.0013859516082375	0.0009032046844581386	-0.9044666475957083	-0.0009032046844581386	1.0013859516082375	2.4134866241064388
21.508216857910156	1.0024469475419178	0.000678346496135926	0.6207349307319446	-0.000678346496135926	1.0024469475419178	1.0391592678622765
21.264076232910156	1.0019381916931687	3.0274654302785697e-05	0.31370565066968714	-3.0274654302785697e-05	1.0019381916931687	0.04192013335098575
21.16250991821289	1.0027180324066907	0.00027493859267054325	-0.9267259154667586	-0.00027493859267054325	1.0027180324066907	0.5013107200997029
20.84493637084961	1.0022592315103387	-0.00022455197119341857	-1.3465098088307808	0.00022455197119341857	1.0022592315103387	-1.3436148200257516
20.83420753479004	1.0017198475998483	-2.7740583013471324e-05	-1.34027546283736	2.7740583013471324e-05	1.0017198475998483	0.42137713833720003
21.37589454650879	1.0026665636688876	-0.0005654576361341245	0.004698059356581741	0.0005654576361341245	1.0026665636688876	1.1649005434777213
21.657705307006836	1.0013379977258248	-0.00020062648698117517	1.7084551857182286	0.00020062648698117517	1.0013379977258248	2.0479577448252533
24.636268615722656	1.003015058629522	-0.0006967153370808647	1.3015832895992738	0.0006967153370808647	1.003015058629522	0.19170866675017373
21.444320678710938	1.001289946366496	-0.00042421513784900183	0.09620698605194665	0.00042421513784900183	1.001289946366496	3.56189409463072
21.246671676635742	1.0021176434386934	-0.0007104273907800657	-0.6133532318397615	0.0007104273907800657	1.0021176434386934	-2.2894209502036555
21.42786979675293	1.0023742970158176	-0.0003410103703137787	-1.6995160072450222	0.0003410103703137787	1.0023742970158176	2.222319143007252
22.11594581604004	1.0023590996004401	0.00023608833472819603	-3.005461657736802	-0.00023608833472819603	1.0023590996004401	-0.8497610306666982
21.358728408813477	1.0031029199674675	-5.370606144124135e-07	-2.664824203761253	5.370606144124135e-07	1.0031029199674675	1.3227139107950316
20.808696746826172	1.0014797065517476	9.585860125382632e-05	-2.0907491839233705	-9.585860125382632e-05	1.0014797065517476	-0.43941634524223944
20.995140075683594	1.0018161356910371	0.0001376311602256427	-3.629338679958022	-0.0001376311602256427	1.0018161356910371	-1.0005163752983588
21.570682525634766	1.0030113054768814	0.0008645565229282435	-6.8451673237309425	-0.0008645565229282435	1.0030113054768814	0.08583138438279629
21.498441696166992	1.0023893713024168	0.0005087927102594514	-5.989445619366355	-0.0005087927102594514	1.0023893713024168	-1.0374891063640244
21.42810821533203	1.0024603942571348	0.0009592001831199717	-5.104006168603999	-0.0009592001831199717	1.0024603942571348	-0.006530062179812286
20.96867561340332	1.0018270605253583	0.001041798737286162	-3.0957282363979575	-0.001041798737286162	1.0018270605253583	0.5778460598839065
21.120071411132812	1.0017766741773309	0.0019367141116156603	-2.5951534855848286	-0.0019367141116156603	1.0017766741773309	2.28996282164115
21.422863006591797	1.002880368173543	0.0026974600426165098	-2.2269635802732886	-0.0026974600426165098	1.002880368173543	4.157509252406133
21.3162899017334	1.0018320791012967	0.0018253835676637186	-1.9343212885865384	-0.0018253835676637186	1.0018320791012967	4.120397972283377
21.697044372558594	1.0022819314518783	0.0019213774460742942	-0.5785714370205257	-0.0019213774460742942	1.0022819314518783	4.671007146616853
21.52729034423828	1.0010195628675973	0.001731184948660551	-0.5665773063360183	-0.001731184948660551	1.0010195628675973	6.427146400511862
21.64626121520996	1.0021442154379765	0.0019243084721983035	0.530166233412106	-0.0019243084721983035	1.0021442154379765	0.9974383351635902
21.831750869750977	1.0019121684674843	0.0017524490115584824	2.7994441884207006	-0.0017524490115584824	1.0019121684674843	5.006995849585179
21.521329879760742	1.0019756700608775	0.0015840712929146902	0.4318520036957422	-0.0015840712929146902	1.0019756700608775	2.5739581323939014
21.976232528686523	1.0024818031059706	0.001031880126190588	2.886536670506682	-0.001031880126190588	1.0024818031059706	1.1209944929305156
21.544933319091797	1.0019547526596975	0.00034700130030826523	1.564354911500613	-0.00034700130030826523	1.0019547526596975	-0.2914248396682273
22.5980281829834	1.0017433117142953	0.0004684157957755119	-0.4321148471885866	-0.0004684157957755119	1.0017433117142953	0.21288275078826174
20.97296714782715	1.0025972961525047	-4.438101314797936e-05	-1.5121988062452676	4.438101314797936e-05	1.0025972961525047	-0.8230450197148498
20.984649658203125	1.00172381090811	-0.0006982553283893176	-0.44523161431487124	0.0006982553283893176	1.00172381090811	-1.3674634388834255
21.290063858032227	1.0026500639353872	-0.00021262562122061296	-0.49540903046312024	0.00021262562122061296	1.0026500639353872	-0.3982569106531739
21.126270294189453	1.001921332608365	-0.0001725416841490605	0.48669273973314153	0.0001725416841490605	1.001921332608365	-0.7245922220718319
21.618366241455078	1.001554888757086	-0.00014790518313228455	1.6949160499579374	0.00014790518313228455	1.001554888757086	0.1460565871940842
21.35920524597168	1.0024476079062392	-0.000876509789025629	0.5882061679178716	0.000876509789025629	1.0024476079062392	-0.6401486774199636
21.188735961914062	1.0026101472442683	-6.174039316895336e-05	-1.7389448157763545	6.174039316895336e-05	1.0026101472442683	-0.8398681995183854
21.16084098815918	1.0025519203883575	-0.00014446721571053354	-1.8519807746517536	0.00014446721571053354	1.0025519203883575	0.21117197211843952
20.667076110839844	1.0019640240678347	0.00037463119502251723	-2.167563558806246	-0.00037463119502251723	1.0019640240678347	0.016434881760838155
21.0115909576416	1.0018309971537558	-7.550331160845593e-05	-0.870737322130801	7.550331160845593e-05	1.0018309971537558	0.4758357121494876
21.239280700683594	1.002694624008464	0.001415293330259929	-3.3756847630188718	-0.001415293330259929	1.002694624008464	-1.1680314382533799
22.079944610595703	1.002351404285425	0.001074914543067282	-2.7538764904639765	-0.001074914543067282	1.002351404285425	-2.414931005348154
21.315813064575195	1.0029746339448837	0.0018836754032613488	-3.457945516308714	-0.0018836754032613488	1.0029746339448837	-1.7767949581952471
21.07071876525879	1.002123050603273	0.0015836702871730999	-2.7339873125570247	-0.0015836702871730999	1.002123050603273	-1.0176352421805148
21.161794662475586	1.0021825339099113	0.0013069075571184416	-1.9132443729393285	-0.0013069075571184416	1.0021825339099113	-1.3913215376397752
21.227121353149414	1.0028723489417168	0.0013440667398342157	-1.6797341837966826	-0.0013440667398342157	1.0028723489417168	-0.17541539023807315
20.934104919433594	1.0019938687884384	0.0010061550182272462	-1.061704674694977	-0.0010061550182272462	1.0019938687884384	0.5208427635645787
22.632122039794922	1.0030852045419028	0.0012843688720262866	-2.289868301386174	-0.0012843688720262866	1.0030852045419028	0.05542578321761438
20.867347717285156	1.0020212384465066	0.0007142260806673922	-1.457852477345028	-0.0007142260806673922	1.0020212384465066	0.26055197922729806
21.217823028564453	1.0017190323202207	-0.00027096905515884735	-0.3421307620091446	0.00027096905515884735	1.0017190323202207	-0.6092540619790545
21.790266036987305	1.0021987626789897	0.0005891832224727371	-4.090721405368857	-0.0005891832224727371	1.0021987626789897	6.210707888569381
21.55447006225586	1.0024176819539976	-0.00047552134348503974	-1.2887555714757066	0.00047552134348503974	1.0024176819539976	-5.610297697339072
21.413564682006836	1.0022810661430892	-0.0012384356989635916	-0.23962603525232073	0.0012384356989635916	1.0022810661430892	0.6780937608701771
21.332502365112305	1.0015303404952707	0.0001360043100572924	-0.28670146333871355	-0.0001360043100572924	1.0015303404952707	-0.35770828108540753
21.584510803222656	1.002181042074719	-2.0472495625819194e-05	0.7363852309870381	2.0472495625819194e-05	1.002181042074719	-2.6298240981181786
21.873950958251953	1.0033853524382215	-0.0009696541559774478	2.6441819178193775	0.0009696541559774478	1.0033853524382215	-4.772429332888344
21.268129348754883	1.0019950250413576	-0.00013202243627268077	-0.36890173844370644	0.00013202243627268077	1.0019950250413576	-1.7327232926578189
21.45671844482422	1.0031088802821164	-0.0005769399771326624	-1.415188998765128	0.0005769399771326624	1.0031088802821164	-2.9718881498853236
20.92432975769043	1.0019670397913827	-0.0012232555375445155	-0.649814161351575	0.0012232555375445155	1.0019670397913827	-2.1858770401413787
21.05402946472168	1.0017571799393161	-0.0007206241227271869	-0.23763520803370608	0.0007206241227271869	1.0017571799393161	-1.6563598919596167
21.69322967529297	1.0025507662568278	-1.3949962136219106e-05	1.036151056561174	1.3949962136219106e-05	1.0025507662568278	-0.4437645148211891
21.34871482849121	1.002048748794193	0.0004833148946604381	0.5978998241386878	-0.0004833148946604381	1.002048748794193	-0.17009888053978475
21.741151809692383	1.0029190636250387	-0.000503923048540405	0.7574371348626938	0.000503923048540405	1.0029190636250387	-1.7521622475057819
21.418333053588867	1.0025437141665796	-0.0007809329074198269	-0.7442761723680872	0.0007809329074198269	1.0025437141665796	-0.6922129288699621
21.07405662536621	1.0017033718037875	0.0001577539385541842	-1.3241938030889693	-0.0001577539385541842	1.0017033718037875	0.9247694337440909
22.57823944091797	1.0030606431045785	0.0002661844773926534	-2.7042569555951874	-0.0002661844773926534	1.0030606431045785	-1.9758445245284677
21.0113525390625	1.0020853700086791	0.0004662478783602781	-1.6381927282779347	-0.0004662478783602781	1.0020853700086791	-0.8373067112076318
21.268844604492188	1.0028917947711402	0.00019021641658121678	-3.6309243982280055	-0.00019021641658121678	1.0028917947711402	-2.3366621757348973
