21.47388458251953	1.0029364076602492	-0.0015013399038140388	-8.749013795941252	0.0015013399038140388	1.0029364076602492	-3.4584375059925954
21.49510383605957	1.0030016513103033	-0.0010189958486573406	-9.69941517405365	0.0010189958486573406	1.0030016513103033	-1.9273881264307375
21.64769172668457	1.002729962983862	-0.0007504170401165731	-8.041618804936105	0.0007504170401165731	1.002729962983862	-0.9810707826328818
22.016525268554688	1.004518749298322	-0.0010602735979753346	-13.75090181973724	0.0010602735979753346	1.004518749298322	0.36746864046329514
21.289825439453125	1.0022392205584025	-0.002092929776861873	-3.241664296075807	0.002092929776861873	1.0022392205584025	-1.6239563804704131
23.788928985595703	1.0049313062918799	0.0002489063394865291	-7.03033809545516	-0.0002489063394865291	1.0049313062918799	-0.09581495931412976
22.74036407470703	1.0021544743131325	-1.255651744026527e-06	-6.402032208186629	1.255651744026527e-06	1.0021544743131325	1.9736810396268947
21.262407302856445	1.0027330862922779	-0.0009589899281189925	-1.797923631303651	0.0009589899281189925	1.0027330862922779	-2.292414282235464
21.939992904663086	1.0060217033250616	-0.00026492745776490626	-7.062236769150531	0.00026492745776490626	1.0060217033250616	-2.8610186252221044
21.400928497314453	1.0026060211569168	0.00020318048953321221	-4.459417000510195	-0.00020318048953321221	1.0026060211569168	0.10451899611762008
21.135568618774414	1.0028857646568052	-0.0006542448607713839	-3.291715893063828	0.0006542448607713839	1.0028857646568052	-2.8901775019473184
20.85590362548828	1.0030949829934364	0.0005942504970618811	-4.352452751089332	-0.0005942504970618811	1.0030949829934364	-0.19062944197904436
21.086454391479492	1.0026990573748622	-0.00021709756015160858	-5.031921058004894	0.00021709756015160858	1.0026990573748622	-1.6351394386147187
21.981239318847656	1.0062022692020096	-0.0005855742949542794	-12.792276285032509	0.0005855742949542794	1.0062022692020096	-5.497219587005258
21.436214447021484	1.0031258861265775	0.0006685531336380744	-8.317269017090803	-0.0006685531336380744	1.0031258861265775	-0.31493474885137324
21.39592170715332	1.0029389172959757	0.00015176957437279073	-8.127501177363733	-0.00015176957437279073	1.0029389172959757	-0.029886104385127076
21.570920944213867	1.0025659266890024	-0.00021093482508099804	-7.677892803368617	0.00021093482508099804	1.0025659266890024	-0.30475416859927523
21.23880386352539	1.0029939136742354	0.0005518327286667775	-8.703020475848726	-0.0005518327286667775	1.0029939136742354	1.4514935652190442
22.935152053833008	1.006143014252696	0.0010510995847003396	-19.514751129459814	-0.0010510995847003396	1.006143014252696	4.104514312242055
21.975994110107422	1.0025595241650984	-0.00018137688899357837	-9.706234282476485	0.00018137688899357837	1.0025595241650984	-0.2044486113973099
21.717071533203125	1.0026014531550347	4.213754287010245e-05	-10.257669718696702	-4.213754287010245e-05	1.0026014531550347	1.793914016955934
21.71635627746582	1.0030061491401345	0.0002292987002730659	-12.300620262571995	-0.0002292987002730659	1.0030061491401345	0.02905978608519022
21.65842056274414	1.003659893668043	-0.0003709608798342164	-14.411820775401052	0.0003709608798342164	1.003659893668043	1.2086240601141174
22.25494384765625	1.005702602051195	-0.0011759471366035099	-31.107268093092816	0.0011759471366035099	1.005702602051195	-1.7808990194825782
21.156787872314453	1.0030705566388265	-0.0012737791593219743	-16.539055047477216	0.0012737791593219743	1.0030705566388265	-2.5412812101930036
22.05491065979004	1.0016368456365816	-0.0023589027262274948	-25.70571992291734	0.0023589027262274948	1.0016368456365816	-4.362818491366512
22.817373275756836	1.0030265545640649	-0.0002756942105758926	-16.35533231176898	0.0002756942105758926	1.0030265545640649	-1.4382734754203061
21.514177322387695	1.0036277945461438	-0.0015910867236432562	-13.550161438532465	0.0015910867236432562	1.0036277945461438	-3.7722873053313712
22.6743221282959	1.0055395788394788	-0.001439944359783462	-27.884128202114542	0.001439944359783462	1.0055395788394788	-3.2754490320209393
21.584749221801758	1.0036210765463993	-0.00021952951446013795	-14.523147640849839	0.00021952951446013795	1.0036210765463993	0.9843480679398534
23.031949996948242	1.0033205265083835	-0.0014528081967999428	-13.07897340942333	0.0014528081967999428	1.0033205265083835	-1.1144074039888856
21.83365821838379	1.0031347391316283	-0.00011718501887562033	-14.314184470430087	0.00011718501887562033	1.0031347391316283	1.3705596811788407
22.017478942871094	1.003244492739331	-0.000167685258637058	-11.774131949370126	0.000167685258637058	1.003244492739331	0.17140082518015498
22.32527732849121	1.0050623438038382	0.000692527868537668	-21.129042819299965	-0.000692527868537668	1.0050623438038382	3.0196747137594757
21.549224853515625	1.0027487957085868	5.2189072850412814e-05	-7.302990095371606	-5.2189072850412814e-05	1.0027487957085868	-1.2028420603432008
21.55590057373047	1.0027704932291313	0.0015490916730374392	-8.920926967573925	-0.0015490916730374392	1.0027704932291313	0.21879600870160532
21.173715591430664	1.0027942185550622	0.0012095318268799575	-7.120583435396972	-0.0012095318268799575	1.0027942185550622	0.27255713669855464
21.755456924438477	1.0034986592173099	-0.00011051411052601485	-7.309032308570689	0.00011051411052601485	1.0034986592173099	-3.8865859259303748
22.104501724243164	1.0052571125316052	0.0026262703015722103	-15.734303496116627	-0.0026262703015722103	1.0052571125316052	-3.2383313203030486
21.904945373535156	1.0031104393584191	0.0009500791748635529	-7.884998473608833	-0.0009500791748635529	1.0031104393584191	-3.8434657940326176
21.54541015625	1.0031058066715488	0.001583441806608418	-8.030019173269167	-0.001583441806608418	1.0031058066715488	-2.0111465095573093
21.747827529907227	1.0030893902665405	0.0019303198722059934	-8.067415778310359	-0.0019303198722059934	1.0030893902665405	-1.7820293614861384
21.46291732788086	1.0031337657482913	0.0018860545345288668	-8.303817073594384	-0.0018860545345288668	1.0031337657482913	-0.2879392248024748
22.076845169067383	1.0059609869025368	0.0028047881641106017	-13.56785374812726	-0.0028047881641106017	1.0059609869025368	-1.6878145876916275
21.445274353027344	1.0035165765792398	0.000922152319668406	-7.643680254454969	-0.000922152319668406	1.0035165765792398	-0.2961078662063338
21.55160903930664	1.0031958034318365	-0.0013643756631579365	-5.038783136237007	0.0013643756631579365	1.0031958034318365	-4.418460332411834
21.907567977905273	1.0042631451774797	0.00187407003803628	-10.054304608726069	-0.00187407003803628	1.0042631451774797	0.8530861099315148
21.412372589111328	1.0029148613587127	-0.0019984700090932856	-6.127081207586307	0.0019984700090932856	1.0029148613587127	-2.081961299126687
22.420644760131836	1.0062941883340446	-0.0011773513842199984	-11.275385995907762	0.0011773513842199984	1.0062941883340446	-5.046921650235846
21.6214656829834	1.003325736253966	-0.0009800927187340774	-7.352553435156809	0.0009800927187340774	1.003325736253966	-0.5551375720916051
21.738052368164062	1.0035926538562177	-0.0018253492824851086	-6.4511716878358705	0.0018253492824851086	1.0035926538562177	-5.479399848655281
21.72684669494629	1.0033478656503947	-0.0007040092850725706	-6.1670771194659135	0.0007040092850725706	1.0033478656503947	-4.060171062537675
21.90852165222168	1.0033974047533285	0.0005608824910286854	-8.609190009438311	-0.0005608824910286854	1.0033974047533285	-2.9130644847658584
22.40133285522461	1.0056533185614338	0.001034092304003848	-14.357311682179457	-0.001034092304003848	1.0056533185614338	-6.825346784190319
21.70586585998535	1.0032623673061232	0.0012751542871131452	-8.960545740859194	-0.0012751542871131452	1.0032623673061232	-0.7024567480250062
21.671533584594727	1.0026930475897529	0.0006020375959322481	-8.020025465964116	-0.0006020375959322481	1.0026930475897529	-1.742180803373686
21.717548370361328	1.003080206574012	0.0006414174251934955	-7.203492232446606	-0.0006414174251934955	1.003080206574012	-2.0089727824558627
21.38686180114746	1.0033014249929209	0.0008865637230047449	-6.598321185830039	-0.0008865637230047449	1.0033014249929209	-0.7396279570783908
22.482872009277344	1.0050142532418969	0.0015727615686249082	-11.966197859741682	-0.0015727615686249082	1.0050142532418969	1.4730688599967656
23.08940887451172	1.0031911335667645	0.0006417987518111867	-3.8672042574289938	-0.0006417987518111867	1.0031911335667645	-1.257924322463553
22.431373596191406	1.0029362859131308	0.0009530791175825879	-6.424673587463346	-0.0009530791175825879	1.0029362859131308	1.7714746132085046
21.465778350830078	1.0027495755763165	-0.0013444382759350711	-1.0162306171816349	0.0013444382759350711	1.0027495755763165	-2.297005147657173
21.389484405517578	1.0030437815594238	0.0007621148393248912	-1.8089753853574648	-0.0007621148393248912	1.0030437815594238	-1.73743427006455
22.475004196166992	1.0051427437227736	0.00036484048554606273	-6.509851859223831	-0.00036484048554606273	1.0051427437227736	-1.7155238762661518
21.764516830444336	1.0036020185181391	-0.0001298930410384216	-2.4246045885304013	0.0001298930410384216	1.0036020185181391	-3.910617446760318
21.178722381591797	1.0029990071071033	-0.0004510200959794103	-4.194935893045762	0.0004510200959794103	1.0029990071071033	-2.8227450477796676
21.5146541595459	1.0026481588877538	-0.0006933359852211094	-3.8425905166221286	0.0006933359852211094	1.0026481588877538	-3.775082291376258
21.63839340209961	1.0034211517538318	-8.585798908757695e-06	-2.430679024620147	8.585798908757695e-06	1.0034211517538318	-5.467848923573914
22.373676300048828	1.0056487076854677	0.0015796859260457925	-6.841855245296582	-0.0015796859260457925	1.0056487076854677	-2.4977506202172624
21.6524600982666	1.002803342362122	-0.00022072384477894686	-3.3888883609510265	0.00022072384477894686	1.002803342362122	-2.7273161598705125
21.472692489624023	1.0035119310760865	0.0007450085802737346	-3.492589076356032	-0.0007450085802737346	1.0035119310760865	-1.2047251385808102
21.000146865844727	1.003502741510108	0.0004355948157209139	-2.4563897038976585	-0.0004355948157209139	1.003502741510108	-0.8865818183882325
21.52538299560547	1.0036484480592285	-0.0010081155014253337	-2.9920714194572997	0.0010081155014253337	1.0036484480592285	-2.4661422273940588
22.7963924407959	1.005781459202546	-0.0006670976348211627	-7.021690927090337	0.0006670976348211627	1.005781459202546	0.7494599312945808
21.52419090270996	1.003206532424394	-0.00266221768145696	-1.612143580445909	0.00266221768145696	1.003206532424394	-3.393610634179432
21.51346206665039	1.003411259247208	-0.0013425971744989626	-2.344535154433744	0.0013425971744989626	1.003411259247208	-1.3098474510119869
21.701335906982422	1.0034494415927304	-0.0018795071283313337	-4.105042301897362	0.0018795071283313337	1.0034494415927304	-2.8412428568652444
22.449970245361328	1.0035114970593684	-0.0020186715063268646	-4.455834943958422	0.0020186715063268646	1.0035114970593684	-1.8965756597397632
22.693634033203125	1.0053638661278628	-0.003895347605882746	-4.403898733556113	0.003895347605882746	1.0053638661278628	-7.302548098364208
21.7745304107666	1.0026695037636608	-0.0010143320179296462	-3.2845300511699116	0.0010143320179296462	1.0026695037636608	-3.457173979822504
21.515369415283203	1.002676002431001	-0.0010571991746015248	-3.013162000189346	0.0010571991746015248	1.002676002431001	-3.971708839054198
21.800994873046875	1.0028724317108362	-0.0002940983626122792	-3.470640941060669	0.0002940983626122792	1.0028724317108362	-3.4424846349843765
21.584510803222656	1.0026667822418072	-4.4228966138839935e-05	-3.869400243933262	4.4228966138839935e-05	1.0026667822418072	-2.6366477304155844
22.722244262695312	1.0053386631684265	0.00258517559394573	-7.7309511919244605	-0.00258517559394573	1.0053386631684265	-1.4858604063060301
21.403074264526367	1.0022939389743908	0.0003451794998469653	-1.0726288219355258	-0.0003451794998469653	1.0022939389743908	-1.8338608062288704
21.686077117919922	1.0031656883569111	0.0019019146437303158	-4.182067231400832	-0.0019019146437303158	1.0031656883569111	-0.35713836051816916
21.260976791381836	1.0019060091011118	-0.0004248614506896477	-1.932595308436185	0.0004248614506896477	1.0019060091011118	-0.9128850527379745
24.288654327392578	1.0040381336831226	-0.0005780730683629777	-1.0937534461160392	0.0005780730683629777	1.0040381336831226	-3.464783420687016
23.146390914916992	1.0040182676266434	0.0008995720810284785	-3.955338973133894	-0.0008995720810284785	1.0040182676266434	0.8960055362816248
22.150278091430664	1.0025825183264037	0.0006673814849502784	0.6690740767721196	-0.0006673814849502784	1.0025825183264037	-2.000132183128835
22.169828414916992	1.0033430338579297	0.0002950653252439925	-1.564054180493872	-0.0002950653252439925	1.0033430338579297	-0.8454553353211738
22.491931915283203	1.0031808330451335	0.0008382708736196906	-1.7614026420398172	-0.0008382708736196906	1.0031808330451335	-1.3089759159988905
22.092580795288086	1.003237435477548	0.00021642434228540884	0.7808766379592359	-0.00021642434228540884	1.003237435477548	-4.007863895506921
22.70793914794922	1.0054226858419744	0.0005896850038180383	-2.2184806423453773	-0.0005896850038180383	1.0054226858419744	-7.187235466838862
22.039175033569336	1.0023966837826477	0.00041898983483032383	-1.6842771011396231	-0.00041898983483032383	1.0023966837826477	-3.9964998665804385
21.875381469726562	1.004022888503029	0.0007010735968184023	-2.0622880757298465	-0.0007010735968184023	1.004022888503029	-4.69506722300269
21.404266357421875	1.003361162192845	0.0011381091445993169	-2.3643905506969807	-0.0011381091445993169	1.003361162192845	-1.8183461560331675
21.398067474365234	1.0025640276083883	0.0004802047198541444	-2.4280007346271866	-0.0004802047198541444	1.0025640276083883	-1.9921029219241142
22.38321304321289	1.0053385155018744	0.0018472328589509497	-2.6092855061571845	-0.0018472328589509497	1.0053385155018744	-3.1179420483567695
21.065711975097656	1.0033973539052097	0.0013535297310605272	-3.509950892440662	-0.0013535297310605272	1.0033973539052097	-0.8305531522681362
21.204471588134766	1.0026763491203603	0.000150976385047917	-3.22963188401498	-0.000150976385047917	1.0026763491203603	-1.3465313972705593
21.645069122314453	1.0031769837990971	0.0007396861640022736	-3.2539401180708003	-0.0007396861640022736	1.0031769837990971	-3.217337097647835
22.28403091430664	1.0031875241639654	0.001336630621316942	-4.979059458563874	-0.001336630621316942	1.0031875241639654	0.8990713930263974
21.511554718017578	1.0043325262544827	-0.0009263833230832429	-1.9359139595131354	0.0009263833230832429	1.0043325262544827	-3.4306549118566436
21.23570442199707	1.003711848326473	0.0001316566136959959	-4.377897207082286	-0.0001316566136959959	1.003711848326473	-0.7515540267806131
20.95174789428711	1.00216217520196	-0.0012127471105735632	-1.496654566320625	0.0012127471105735632	1.00216217520196	-1.903436635752485
21.31342887878418	1.0030747624830292	-0.0007354539041772117	-2.130723904686758	0.0007354539041772117	1.0030747624830292	-3.096653618595519
20.99132537841797	1.0024370969569734	0.00027057025387722716	-2.655556009836128	-0.00027057025387722716	1.0024370969569734	-0.788093007120877
22.01223373413086	1.002633637631688	0.0016035482908063094	-3.9037731833215634	-0.0016035482908063094	1.002633637631688	-0.6035941216210907
21.384477615356445	1.0028165622157998	0.001135428673288948	-2.474583660566437	-0.001135428673288948	1.0028165622157998	-1.097400488488936
20.812034606933594	1.002824311047477	0.0013192691739133426	-2.717850772106897	-0.0013192691739133426	1.002824311047477	-0.6445104242237978
21.544694900512695	1.0026673882491202	0.002824306637791965	-2.2319041276793516	-0.002824306637791965	1.0026673882491202	1.290963321367505
21.227598190307617	1.0024448670412651	0.0019772532833975567	0.4613156521966077	-0.0019772532833975567	1.0024448670412651	-0.016477972960206196
22.061824798583984	1.0012799424290197	0.003859322616020712	3.2087311246017958	-0.003859322616020712	1.0012799424290197	5.113834453905988
21.70252799987793	1.0002168667859876	3.998873434534226e-05	3.4053987596875332	-3.998873434534226e-05	1.0002168667859876	0.26362394680455437
23.09441566467285	1.001213101970636	0.001178984776531519	2.7819072517177545	-0.001178984776531519	1.001213101970636	1.1125798121675532
22.57251739501953	0.9992387196840636	0.001490982879033836	3.756351065566992	-0.001490982879033836	0.9992387196840636	3.9981364117120175
21.84891700744629	0.9985215205958596	-0.0010573273428159647	10.214156138467148	0.0010573273428159647	0.9985215205958596	-1.047117979352692
22.954225540161133	0.9995400673935987	0.0017173525623211097	9.583805534111287	-0.0017173525623211097	0.9995400673935987	1.3805388022528866
22.932767868041992	0.9995713029457375	0.0021374551825887093	24.751840530954667	-0.0021374551825887093	0.9995713029457375	1.55201771285201
21.771907806396484	1.0011998499647772	-0.0001773187320893538	8.940857804465399	0.0001773187320893538	1.0011998499647772	-2.8050102988601244
21.41594886779785	1.001688693809406	-0.0005846684311376003	7.026058968750038	0.0005846684311376003	1.001688693809406	-3.3957365682972567
21.60787582397461	1.001740227405674	-9.598892540517929e-05	4.943654723929108	9.598892540517929e-05	1.001740227405674	-3.012077758677654
21.598100662231445	1.0005988660424963	-0.0003904445202646679	6.757505547300122	0.0003904445202646679	1.0005988660424963	-3.6875301664972735
22.213459014892578	1.0014623987151616	0.0014670695260348783	13.751173137962894	-0.0014670695260348783	1.0014623987151616	-2.9655445143068353
21.80337905883789	1.0005158631546773	-3.0414907892144585e-06	6.345605342240796	3.0414907892144585e-06	1.0005158631546773	-1.2602390100764431
21.49343490600586	1.0008657254446602	0.0002222444090876774	7.651380879864045	-0.0002222444090876774	1.0008657254446602	-1.553255057716934
21.359920501708984	1.0013585851277338	0.0008987300233398648	6.986430907725683	-0.0008987300233398648	1.0013585851277338	-0.07526571318258389
21.46601676940918	1.0013585613836269	-9.440847677237064e-05	6.181173094684622	9.440847677237064e-05	1.0013585613836269	-1.8177626499340271
22.822856903076172	1.0017578510792564	-0.000932688778225648	15.83198821727187	0.000932688778225648	1.0017578510792564	-4.090401825290981
21.915674209594727	1.0011178439795803	-0.0003269222961154037	6.054378468883125	0.0003269222961154037	1.0011178439795803	0.2197312244907656
21.665334701538086	1.0018416864476374	-0.0006136190451034563	6.430866857695525	0.0006136190451034563	1.0018416864476374	-2.6253268919160613
21.518468856811523	1.0020983166600175	-0.0009190989938261227	6.691080366597096	0.0009190989938261227	1.0020983166600175	-4.191581411203288
21.588802337646484	1.0023579712661135	-0.0006724360200592461	5.50571012720333	0.0006724360200592461	1.0023579712661135	-4.0706852631966095
22.086620330810547	1.0031299860385305	-0.002237148265094981	8.644325601345125	0.002237148265094981	1.0031299860385305	-8.37611658902337
21.739959716796875	1.0016708017389473	-0.0011664411575459453	3.808594697514363	0.0011664411575459453	1.0016708017389473	-4.967925882184566
22.680044174194336	1.0021097936005003	-0.0003049061881375379	3.807574275848329	0.0003049061881375379	1.0021097936005003	-3.7998373230753786
21.373510360717773	1.001990710368578	0.0006017362576129582	2.0308856717650503	-0.0006017362576129582	1.001990710368578	-1.9568374143165261
22.324800491333008	1.001988192763982	-1.1998691006979031e-05	1.658978082534461	1.1998691006979031e-05	1.001988192763982	-1.8766021164007516
21.764516830444336	1.0038697677583752	0.0018960307713743283	2.8359588149316615	-0.0018960307713743283	1.0038697677583752	-1.5215788642658654
21.288633346557617	1.0017745182890403	0.0004927079243056633	2.8249005928522926	-0.0004927079243056633	1.0017745182890403	-0.836878067571553
21.733522415161133	1.001539420019654	0.0013584685244566444	1.8086116834956891	-0.0013584685244566444	1.001539420019654	1.9776431202865155
21.361351013183594	1.0017222527708918	0.0010775960447235943	2.387047058870823	-0.0010775960447235943	1.0017222527708918	0.5101690840343935
21.491050720214844	1.0014200142473275	0.0007376059140214418	2.8575642976693096	-0.0007376059140214418	1.0014200142473275	1.3742342909893714
22.518157958984375	1.0013464419736258	0.002310259768343903	5.716444062563988	-0.002310259768343903	1.0013464419736258	4.543636450094171
21.7740535736084	1.0013539654664356	-0.00024551513116031446	4.449494147743748	0.00024551513116031446	1.0013539654664356	-0.16457420934054456
21.772384643554688	1.0016057224573662	0.0007937843038106122	4.325864155378818	-0.0007937843038106122	1.0016057224573662	-0.4035149549475655
21.570682525634766	1.0012242589025355	0.00013103992312198904	4.252832181854504	-0.00013103992312198904	1.0012242589025355	-0.21920999568947577
21.494150161743164	1.0014523410837748	9.128942761915497e-05	3.917937368470678	-9.128942761915497e-05	1.0014523410837748	-2.1255900288844525
21.784543991088867	1.0028998711667692	0.0011525407841856544	7.408885231726781	-0.0011525407841856544	1.0028998711667692	-2.914210122921098
21.213531494140625	1.0021785728733443	-0.0003162991841866956	-0.22303400653531683	0.0003162991841866956	1.0021785728733443	-3.0844638274942735
21.416664123535156	1.0014744564950213	-0.0003134382130212776	1.3092169522536334	0.0003134382130212776	1.0014744564950213	-4.019982366559688
21.53944969177246	1.0020722682469954	0.00016147125488515953	1.5337896286479769	-0.00016147125488515953	1.0020722682469954	-3.1397383854547347
21.253347396850586	1.0018444909552768	0.0004832238378688972	0.09902838082969123	-0.0004832238378688972	1.0018444909552768	-1.2951565211737759
21.561145782470703	1.0036924689706217	-0.0011348070564504665	0.1342563697470013	0.0011348070564504665	1.0036924689706217	-4.388247470347039
20.784854888916016	1.002090207004903	0.000533624463901834	-0.8926402664340156	-0.000533624463901834	1.002090207004903	-0.7295547392369715
22.62091636657715	1.001809015286413	-0.0002666363773773151	-1.9812197216910337	0.0002666363773773151	1.001809015286413	-0.13307439006482066
20.85423469543457	1.001580247674291	-0.0007221503305444004	-1.9786536059022173	0.0007221503305444004	1.001580247674291	0.015783240648958086
21.365880966186523	1.0023340575071535	-0.0007966627093388697	-2.8560081108218838	0.0007966627093388697	1.0023340575071535	-1.0483058424249139
27.135133743286133	1.0031855499860654	-0.00011617745061652703	-9.806268462778897	0.00011617745061652703	1.0031855499860654	2.542019329736298
21.30293846130371	1.0020292281653889	-0.0007788751391203537	-3.5013009663980137	0.0007788751391203537	1.0020292281653889	-2.4549272907411464
21.42190933227539	1.0023774915565713	-0.00015508188951695134	-6.562618434805234	0.00015508188951695134	1.0023774915565713	-0.7095530781571983
21.540403366088867	1.0024780533348936	-0.00031911786729131494	-6.888535099181224	0.00031911786729131494	1.0024780533348936	-0.8796437480341658
21.63219451904297	1.0029726903711091	-0.0007710572772232695	-7.919436004460793	0.0007710572772232695	1.0029726903711091	-1.9028571901510158
22.403478622436523	1.0043083271918367	-0.0002646685477354324	-14.94827594347976	0.0002646685477354324	1.0043083271918367	-2.1853301533721083
21.61407470703125	1.0022521527341477	0.0001434728773656995	-7.79468643978681	-0.0001434728773656995	1.0022521527341477	-0.8523325364002953
21.8660831451416	1.0021167406268234	-0.0005392238318617516	-7.880175523825775	0.0005392238318617516	1.0021167406268234	-2.1899010214344905
21.593570709228516	1.002701216887577	-1.3790085924107634e-05	-10.39066917296025	1.3790085924107634e-05	1.002701216887577	-1.5008434190020985
21.452903747558594	1.0026390996807408	0.0007356132451299717	-11.152161622979417	-0.0007356132451299717	1.0026390996807408	-0.5288246014466095
21.837234497070312	1.0044521491985754	0.0009208148643999414	-19.909946801293867	-0.0009208148643999414	1.0044521491985754	-0.4525833950918982
21.682262420654297	1.0026163318342107	0.0011835928302963289	-10.662710800570549	-0.0011835928302963289	1.0026163318342107	1.4431407795252993
21.37446403503418	1.0019693916750043	-1.6994780503692703e-05	-8.211572208198673	1.6994780503692703e-05	1.0019693916750043	-0.27923951066951697
25.231361389160156	1.0026485286982627	0.0006660792760356203	-7.515215171761868	-0.0006660792760356203	1.0026485286982627	-0.36913418045429264
23.906230926513672	1.003159474652563	0.0014577208521181202	-8.911297074408523	-0.0014577208521181202	1.003159474652563	2.1850690667495485
24.057865142822266	1.0018410790750931	0.0006365340377347824	-1.7969680549248859	-0.0006365340377347824	1.0018410790750931	-1.2340901745455195
21.017789840698242	1.0006828751948988	-0.00045816419967976	-0.4498620274760364	0.00045816419967976	1.0006828751948988	0.15151099671718282
21.505117416381836	1.0015644191545903	-0.00046693692352175575	-2.7465387019463186	0.00046693692352175575	1.0015644191545903	-2.7257223641720407
21.259784698486328	1.0000764062436802	-0.001370184774022472	-0.06133635843341119	0.001370184774022472	1.0000764062436802	-3.4962450035515795
21.616220474243164	1.0014135088241851	-0.0015437856714725178	0.33761721014296875	0.0015437856714725178	1.0014135088241851	-5.687748908367745
21.962404251098633	1.0028429853670162	-0.0023741571983932376	-2.0263594475800373	0.0023741571983932376	1.0028429853670162	-10.036598011494528
21.434783935546875	0.9996905599494011	-0.0011386963013276775	-0.03636473660667979	0.0011386963013276775	0.9996905599494011	-5.4847517434640505
21.219730377197266	1.0019425466247245	-0.000615647237354921	-1.522488738370619	0.000615647237354921	1.0019425466247245	-3.279474942360072
21.174907684326172	0.9991028685068393	-0.0001867427426618174	-0.09485087018316363	0.0001867427426618174	0.9991028685068393	-1.6862682959927497
21.329402923583984	1.0005829742933956	-0.001499108928831728	0.1089896609479441	0.001499108928831728	1.0005829742933956	-2.9120476501407477
21.73924446105957	1.0020110910979971	-0.002311293922447053	0.26664014678083453	0.002311293922447053	1.0020110910979971	-3.3870364374211555
21.084070205688477	1.0019915041253094	-0.001840945099703983	-0.951838537854667	0.001840945099703983	1.0019915041253094	-0.4517598704646059
21.541595458984375	1.0005227718327971	-0.002632520714410784	0.8366517817524527	0.002632520714410784	1.0005227718327971	-1.9939909167711904
22.208690643310547	0.9995648561621944	-0.0024424329823760447	-0.028604222335845808	0.0024424329823760447	0.9995648561621944	1.3410331939175588
21.537065505981445	1.0006964252002621	-0.0029113476590207	1.7194282217259589	0.0029113476590207	1.0006964252002621	-1.2941557176903808
21.97408676147461	1.0024721659001377	-0.005194015717599175	1.1975624521053545	0.005194015717599175	1.0024721659001377	-3.2684820995532173
21.286487579345703	1.0008045795971128	-0.0028617915889711763	1.182343730377999	0.0028617915889711763	1.0008045795971128	-0.6836306597206614
21.169185638427734	1.001399320289527	-0.003274347644969022	1.3775796499228044	0.003274347644969022	1.001399320289527	-3.635435781767821
21.036863327026367	1.0004798529174415	-0.002419249905379223	-0.11306039035971316	0.002419249905379223	1.0004798529174415	-2.278072995421483
21.065235137939453	0.9978619589846683	-0.0008102727861138345	1.8434161941379479	0.0008102727861138345	0.9978619589846683	0.41082635276022783
22.373199462890625	1.003023363465049	-0.0019481445485810195	3.436521700819412	0.0019481445485810195	1.003023363465049	-3.364193183189019
24.108409881591797	1.0005310655143786	0.0004950724907180251	0.4285664607013953	-0.0004950724907180251	1.0005310655143786	2.07926089455124
21.518230438232422	0.997971840952862	0.00030338686189805575	3.7707627058391284	-0.00030338686189805575	0.997971840952862	2.2103319572482376
21.556377410888672	0.9975346362996924	-0.0001881337445146847	4.825622038492689	0.0001881337445146847	0.9975346362996924	2.191258534428734
22.12238311767578	0.9998662379402466	0.0010693963081533533	1.3482620160077945	-0.0010693963081533533	0.9998662379402466	4.869013569968018
24.41096305847168	0.9999453854591666	0.0002594520357935656	10.2585912802956	-0.0002594520357935656	0.9999453854591666	6.862024919468134
23.152589797973633	1.000396147455735	-0.00017610337604362022	3.2887757632361643	0.00017610337604362022	1.000396147455735	4.337367819632266
23.174047470092773	0.9985770851101025	-0.0004758074048919903	8.322808243219228	0.0004758074048919903	0.9985770851101025	4.526729219735527
21.68869972229004	1.0005676271010628	-0.002307104262700272	13.38385463051	0.002307104262700272	1.0005676271010628	0.453567184876724
23.6203670501709	0.9998580909752585	-8.54359555711356e-05	9.628022213438042	8.54359555711356e-05	0.9998580909752585	2.264251490390259
22.819995880126953	1.001310568265116	-0.0016213232558434125	15.9440043621504	0.0016213232558434125	1.001310568265116	1.0117155347602722
21.923303604125977	1.0013447281251329	-0.0007768519446251399	8.169030301721518	0.0007768519446251399	1.0013447281251329	-0.6098992832554622
21.873950958251953	1.0001812674082382	-8.874395193146794e-06	6.847084882705788	8.874395193146794e-06	1.0001812674082382	0.37438140642785017
21.894216537475586	1.0000455985305685	-0.00020004987625178087	5.488400061324119	0.00020004987625178087	1.0000455985305685	-0.2630966850003258
21.663188934326172	1.0008504780826617	9.252690499798274e-05	6.082810186508726	-9.252690499798274e-05	1.0008504780826617	-1.528488321634307
22.147417068481445	1.0030053480568588	0.0023534209340004848	8.855506438762445	-0.0023534209340004848	1.0030053480568588	-0.14552754686123925
21.614789962768555	1.0006587324288014	0.00042881780513061627	4.419108415084552	-0.00042881780513061627	1.0006587324288014	-6.0556140586891095e-05
21.47221565246582	1.0008149771754047	0.0007802383481159348	4.105696760045412	-0.0007802383481159348	1.0008149771754047	-0.7181207569888649
21.511077880859375	1.001883156401081	0.001340076590174382	2.417896585811582	-0.001340076590174382	1.001883156401081	1.361523934256276
21.41571044921875	1.0005910947163836	-0.0008396637392704485	5.233126099357024	0.0008396637392704485	1.0005910947163836	-1.357190622346874
23.756980895996094	1.0023855943371462	-0.000910722333429811	8.760359849415122	0.000910722333429811	1.0023855943371462	0.08040335133804945
22.0794677734375	1.000796183880756	-0.0021978525608613566	2.820362264319466	0.0021978525608613566	1.000796183880756	0.26839455483329205
21.543025970458984	1.0014444606353001	-0.002768746914623441	4.655694198314598	0.002768746914623441	1.0014444606353001	-3.090216386341623
21.666288375854492	1.001758373404694	-0.0021521306505828137	2.1481148269515202	0.0021521306505828137	1.001758373404694	-3.0399946394546533
21.64483070373535	1.0021528160364737	-0.001532278781832021	2.4366108020520016	0.001532278781832021	1.0021528160364737	-0.7936969051132305
22.272348403930664	1.004125770184347	-0.005013621243954597	2.518401882026239	0.005013621243954597	1.004125770184347	-6.245954761550814
21.225452423095703	1.0002324652259482	-0.0012196592982861116	0.30612543607739506	0.0012196592982861116	1.0002324652259482	-1.1111292196066194
21.233081817626953	1.0012293386155802	-0.000740927654211203	0.6394331552192942	0.000740927654211203	1.0012293386155802	-2.0230401236285385
21.55470848083496	1.0008937123267283	-0.0009092975308538521	2.5976387459555936	0.0009092975308538521	1.0008937123267283	-3.619206160487926
21.312236785888672	1.0031674472134924	0.0003377257589874279	-1.0122522776620295	-0.0003377257589874279	1.0031674472134924	-1.6572255906487272
22.261381149291992	1.0029247585469994	-0.0007601982823098268	0.33419028606913614	0.0007601982823098268	1.0029247585469994	-2.6905887971104714
22.873640060424805	1.000017187975977	8.216813298790398e-05	3.091219923085956	-8.216813298790398e-05	1.000017187975977	-1.3934083834904853
21.635055541992188	0.9994082366353888	0.0003896172679215183	3.079318229838863	-0.0003896172679215183	0.9994082366353888	1.8043045608211818
21.29364013671875	0.9996863941563208	-0.0009150292596724249	3.869991081135431	0.0009150292596724249	0.9996863941563208	-0.9725814731948007
23.046493530273438	0.9997428086484977	-0.001764623890895191	5.3668192320508314	0.001764623890895191	0.9997428086484977	-2.620799636779386
22.919416427612305	1.0031489484054295	-0.0011638321163183936	4.664614145755671	0.0011638321163183936	1.0031489484054295	-0.08943860488084654
22.024154663085938	0.999870912630013	-0.0032269132632643522	6.098178848419775	0.0032269132632643522	0.999870912630013	-5.696431782598105
21.824121475219727	1.0012988218409558	-0.0007229152138309255	2.4951970671863584	0.0007229152138309255	1.0012988218409558	-2.8018315035917185
21.503210067749023	1.0010687167014187	9.29463740737406e-06	4.632287263647353	-9.29463740737406e-06	1.0010687167014187	-2.533658612652951
21.755456924438477	1.0020348090579945	-4.7648845112780905e-05	3.246136601517415	4.7648845112780905e-05	1.0020348090579945	-4.087724579568551
22.209644317626953	1.0022267921479249	0.0007018657934381037	3.297670655818168	-0.0007018657934381037	1.0022267921479249	-5.452079897080454
21.498918533325195	1.0009896686105126	0.0005648446714016149	1.3763308446553393	-0.0005648446714016149	1.0009896686105126	-2.879248040856294
21.358251571655273	1.0011443373899442	0.000926913390346723	0.961177777056827	-0.000926913390346723	1.0011443373899442	-2.668004564392871
21.200895309448242	1.0014079062855619	0.0014996486571119362	0.47330693957515846	-0.0014996486571119362	1.0014079062855619	-0.3858182015139473
21.262645721435547	1.00137367733857	0.00038154704897168097	0.6275083773789885	-0.00038154704897168097	1.00137367733857	-1.3885095215993646
21.76952362060547	1.0027813129298089	-6.042140306695455e-06	3.3492574044348826	6.042140306695455e-06	1.0027813129298089	-2.998992248823492
21.078109741210938	1.00149857375153	3.0343947596806473e-05	1.5402663998038144	-3.0343947596806473e-05	1.00149857375153	-0.6260720447388112
21.169662475585938	1.001559176535187	-0.0010610529538853668	2.1983151814758757	0.0010610529538853668	1.001559176535187	-1.7351473420650878
22.139310836791992	1.0012485228657244	0.00014516499965603257	1.5278561976098115	-0.00014516499965603257	1.0012485228657244	-2.184509007789177
21.561861038208008	1.0015032649529174	-0.001331990057626318	0.6082383105293393	0.001331990057626318	1.0015032649529174	0.20361473160599913
21.97718620300293	1.002527843400217	-0.0044985674624106586	6.588517891645921	0.0044985674624106586	1.002527843400217	-6.454567266275118
20.63751220703125	1.0020884106434413	-0.0013591109376231707	-1.7912157463741003	0.0013591109376231707	1.0020884106434413	-1.9023837619966568
20.977497100830078	1.001181376446472	-0.0017326959428981524	0.3536617044017793	0.0017326959428981524	1.001181376446472	-2.2839501582164967
21.03257179260254	1.0010675789669747	-0.0015318256862710518	1.0176688262034208	0.0015318256862710518	1.0010675789669747	-3.5198842964732515
21.343231201171875	1.0012927667151372	1.2406424034728723e-05	1.3240855409250252	-1.2406424034728723e-05	1.0012927667151372	-2.9570579118457974
21.979808807373047	1.0025617544914351	0.002086450968218014	0.4522077923393043	-0.002086450968218014	1.0025617544914351	-1.768480997032924
21.208524703979492	1.0018249430808257	0.00189524153257569	-0.8321978581560101	-0.00189524153257569	1.0018249430808257	-0.8958838722362085
21.102190017700195	1.0009118200213192	0.0032350047797805952	-0.723930658879883	-0.0032350047797805952	1.0009118200213192	2.0369729217811248
21.154165267944336	1.0011884370968915	0.0023597703395838335	-0.15019352504304306	-0.0023597703395838335	1.0011884370968915	0.9397391252413159
21.206140518188477	1.0014567527191307	0.002281367578057197	0.3127657455001377	-0.002281367578057197	1.0014567527191307	0.33697216473228475
25.329113006591797	1.002422324811364	0.005003407227440089	0.5037846523214673	-0.005003407227440089	1.002422324811364	3.6172983793637963
21.451711654663086	1.0021702450372774	0.0008895305413655701	2.0441690588219688	-0.0008895305413655701	1.0021702450372774	0.26986520813135073
23.610591888427734	1.0014578338060622	0.0011947297626596206	1.0004838609570126	-0.0011947297626596206	1.0014578338060622	-0.3084737802280869
22.374629974365234	1.0018949886559259	0.00018333490047145289	0.8609565676804218	-0.00018333490047145289	1.0018949886559259	1.4755351821337983
21.639585494995117	1.0017065599622395	-0.0010447173044913734	4.4843891211312314	0.0010447173044913734	1.0017065599622395	-3.1552228507622986
22.164106369018555	1.0033674636089298	0.00010418522571257295	4.562423531629451	-0.00010418522571257295	1.0033674636089298	-6.01251189603021
21.48127555847168	1.0025222862992895	-0.000457225932834517	0.7898881104805244	0.000457225932834517	1.0025222862992895	-2.4825086133958436
21.856307983398438	1.0026213731192652	-0.0012985614012527655	2.9774556674024604	0.0012985614012527655	1.0026213731192652	-6.034562059754896
21.503448486328125	1.002688741964576	-0.00046219799119553154	0.22129342848385644	0.00046219799119553154	1.002688741964576	-4.014723401785526
20.87855339050293	1.0021782794814604	-0.00039849708044163273	-0.15257833727975129	0.00039849708044163273	1.0021782794814604	-2.7909715036140557
22.26090431213379	1.0029504242440297	0.0007275034284389293	1.1882201255968383	-0.0007275034284389293	1.0029504242440297	-4.339383400042362
20.929336547851562	1.002544125285932	0.000897303758829216	-0.8182933046987138	-0.000897303758829216	1.002544125285932	-0.965839751974756
21.033287048339844	1.002614622934498	0.0006876538904068781	-0.8632279782492026	-0.0006876538904068781	1.002614622934498	-1.2111784839232966
20.36261558532715	1.0024450537391365	0.0005405881911840721	-1.8981022311715976	-0.0005405881911840721	1.0024450537391365	-0.28089990893605626
20.63894271850586	1.0023116024725378	0.0004882873398070225	-0.46202014026541527	-0.0004882873398070225	1.0023116024725378	-0.12195713470646108
21.704912185668945	1.0052141177751228	0.0008208092470313279	-6.775188325830376	-0.0008208092470313279	1.0052141177751228	1.6629306894191203
21.76952362060547	1.0027050498675765	0.001025237614615842	-4.669015988416682	-0.001025237614615842	1.0027050498675765	3.3413920110903805
21.334171295166016	1.0021458785958692	0.0003130164069834306	-5.079946596729304	-0.0003130164069834306	1.0021458785958692	-0.8269595738329575
20.92599868774414	1.002053697203447	0.0007122475101018217	-3.9508782838263894	-0.0007122475101018217	1.002053697203447	0.8321495793828526
21.161317825317383	1.002469710059416	0.0005813082554644682	-4.479898712674033	-0.0005813082554644682	1.002469710059416	-1.4664552895543104
21.758079528808594	1.0042237804904905	0.0007607927587122886	-12.415754499665134	-0.0007607927587122886	1.0042237804904905	0.07199989652855518
21.46291732788086	1.0032227292467681	0.0006654531816099706	-9.27636846587396	-0.0006654531816099706	1.0032227292467681	-0.834468289637522
21.289348602294922	1.0040933801183087	0.0007566642484925152	-12.74909083718562	-0.0007566642484925152	1.0040933801183087	-0.9742803229719181
21.33488655090332	1.0031083817748685	0.00034876888586361706	-12.242081059312964	-0.00034876888586361706	1.0031083817748685	-2.2931453368832555
21.62027359008789	1.0033207405358273	0.0008068715872445618	-10.927513949815145	-0.0008068715872445618	1.0033207405358273	-2.9945748505033727
21.564960479736328	1.0081534378832735	0.002351274160255321	-24.788639733948138	-0.002351274160255321	1.0081534378832735	-1.705982036737562
21.480798721313477	1.0033122387238245	0.0018386815854991893	-11.707732962421163	-0.0018386815854991893	1.0033122387238245	-0.6117002982541095
26.192903518676758	1.003405576202959	0.0014741372657979977	-9.947050060438212	-0.0014741372657979977	1.003405576202959	-0.8275529272304739
21.471023559570312	1.0036255984840805	0.0026177228570338214	-10.657798720873888	-0.0026177228570338214	1.0036255984840805	0.9553922447122694
21.279573440551758	1.003071864219335	0.001543159685040202	-8.325537110412675	-0.001543159685040202	1.003071864219335	0.7562847344760041
22.861719131469727	1.0037910407264556	0.0006084621394309363	-7.9429113393758914	-0.0006084621394309363	1.0037910407264556	-2.520783930324482
22.072315216064453	1.0066805078499979	0.004037703391991739	-14.703621956948048	-0.004037703391991739	1.0066805078499979	3.679252278327953
21.8050479888916	1.00430973769713	-0.0005695945619199681	-2.2691026379520416	0.0005695945619199681	1.00430973769713	-4.901223545141459
22.69911766052246	1.00295794050137	0.0003161284578837686	-3.5365051723344827	-0.0003161284578837686	1.00295794050137	-3.239185763461001
22.27020263671875	1.0023662645763844	0.0009815114348227817	-6.010927475134796	-0.0009815114348227817	1.0023662645763844	-0.6117581762545986
21.298885345458984	1.003815201071639	0.00012036457082035146	-1.6155859841365605	-0.00012036457082035146	1.003815201071639	-4.821378367638274
22.232532501220703	1.0055595950986147	0.0006765445603411557	-4.377988001740695	-0.0006765445603411557	1.0055595950986147	-7.920422014826565
21.515369415283203	1.0023960583443565	0.00037540933429852533	-2.974248714016888	-0.00037540933429852533	1.0023960583443565	-4.000018749589663
21.53182029724121	1.0033368130206937	0.0005992112350848873	-1.2120909059037661	-0.0005992112350848873	1.0033368130206937	-5.1378425594335075
21.036624908447266	1.0029829593648207	0.001002188394386606	-1.6912984176288708	-0.001002188394386606	1.0029829593648207	-2.0593324990330264
21.32892608642578	1.0028199495595391	0.00035339689185899954	-2.858324654822343	-0.00035339689185899954	1.0028199495595391	-1.7445087396249042
21.909475326538086	1.0025147781583272	-0.0008928921422615999	0.6789045450896172	0.0008928921422615999	1.0025147781583272	-4.520753607955831
20.72620391845703	1.0027268769780302	-0.00010279794760726532	-2.222268916380036	0.00010279794760726532	1.0027268769780302	-0.8744780323995863
20.936012268066406	1.0026861453459741	-0.0010227063940930394	-2.664938277356625	0.0010227063940930394	1.0026861453459741	0.34092012196146154
21.158456802368164	1.0031609510777493	-0.0024810025548457097	-2.5590694772952034	0.0024810025548457097	1.0031609510777493	-4.815031099724973
22.019624710083008	1.002608832725889	-0.0010313956340160042	-4.728809592468309	0.0010313956340160042	1.002608832725889	1.6117106365064355
24.025917053222656	1.0046278079163276	-0.005495182184412988	-4.852766685240813	0.005495182184412988	1.0046278079163276	-6.837612865798662
21.494626998901367	1.0025513016940932	-0.002435742253059921	-4.360138842963983	0.002435742253059921	1.0025513016940932	-2.9373158454717365
21.17323875427246	1.0020145220784646	-0.0023996473070053204	-2.422202625058641	0.0023996473070053204	1.0020145220784646	-2.141014751878921
21.325349807739258	1.002272671716889	-0.002524582547545982	-4.0887604189686755	0.002524582547545982	1.002272671716889	-3.286387733198237
21.408796310424805	1.002817605983878	-0.0017931299970374243	-6.208365556383091	0.0017931299970374243	1.002817605983878	-2.6825796482111457
21.82483673095703	1.0053167785593617	-0.0012785536482681841	-12.916507889131251	0.0012785536482681841	1.0053167785593617	-4.27343214377539
21.306991577148438	1.003235094891268	0.0004175137919671673	-6.408077632508973	-0.0004175137919671673	1.003235094891268	-0.8880443093376186
21.524429321289062	1.0031410184791523	0.0007737688104513192	-7.0977511710159265	-0.0007737688104513192	1.0031410184791523	0.9361038918695582
21.2399959564209	1.0026121016596217	0.0009730093528126467	-5.6025906851755645	-0.0009730093528126467	1.0026121016596217	1.7912281751404824
21.31032943725586	1.0032898727252233	0.0016967802883969677	-5.6926032698369875	-0.0016967802883969677	1.0032898727252233	2.738105766825893
22.049665451049805	1.0057822656319118	0.0018770907781253247	-7.246982137025608	-0.0018770907781253247	1.0057822656319118	5.938367260398836
22.248268127441406	1.002494063804527	0.0005339053254413092	-3.508417694400822	-0.0005339053254413092	1.002494063804527	2.408076948335084
22.739171981811523	1.003260235121364	0.0009613109864509072	-4.557470888606444	-0.0009613109864509072	1.003260235121364	3.897319843856018
24.92237091064453	1.0016090047184731	0.0008243527695900509	-0.13441216775785275	-0.0008243527695900509	1.0016090047184731	3.6952119822460836
21.55470848083496	1.0029904465657102	-1.3536357090971566e-05	2.201501895713892	1.3536357090971566e-05	1.0029904465657102	-0.6546355133158137
21.89922332763672	1.0027576491998036	0.0018738905523726	2.1322435354778855	-0.0018738905523726	1.0027576491998036	0.9711007851869375
21.294832229614258	1.0018462108828718	0.0010395085477273372	2.449254728957981	-0.0010395085477273372	1.0018462108828718	-1.0456197291258529
22.29475975036621	1.004047259937184	0.0005912943257125991	0.7944529053762506	-0.0005912943257125991	1.004047259937184	-2.6905309506459902
24.297237396240234	1.0031173982622221	0.001062265057724904	-0.32070696426985845	-0.001062265057724904	1.0031173982622221	-1.5787219261106702
21.192312240600586	1.002946830083715	0.001053731002558089	-1.091204033907291	-0.001053731002558089	1.002946830083715	-2.1157097611312965
21.836042404174805	1.0045342293753738	0.0018243595462822506	1.5887802388006393	-0.0018243595462822506	1.0045342293753738	-4.02122813857803
20.834684371948242	1.0024696287417123	0.0006159803915428251	-1.0382928114106031	-0.0006159803915428251	1.0024696287417123	-0.2838904160845945
21.03281021118164	1.0030297364839007	-0.00011543190445234054	-0.09276286302075798	0.00011543190445234054	1.0030297364839007	-2.095544363593948
20.883560180664062	1.0025611606572997	-2.5473621004137522e-05	0.2864114949647518	2.5473621004137522e-05	1.0025611606572997	-1.323488728157234
21.167993545532227	1.0023055367667648	0.0008488696964576651	-0.08862279185589639	-0.0008488696964576651	1.0023055367667648	2.2605920616650748
21.8050479888916	1.0035444260082778	-0.0016471364461797273	1.4448568132484634	0.0016471364461797273	1.0035444260082778	-0.08053769609281936
22.53437042236328	1.0025836089545173	-0.00011997467893897808	-0.8939250784581281	0.00011997467893897808	1.0025836089545173	3.0928474818426532
21.598100662231445	1.0037339699874657	-0.0011574265538603652	-1.9203770104451068	0.0011574265538603652	1.0037339699874657	-1.108151906054746
21.320343017578125	1.0026063488142531	-0.0008908167054797064	0.45556622486945675	0.0008908167054797064	1.0026063488142531	0.00826316629774948
21.055936813354492	1.003374330520118	-0.000240464323613141	-1.5018222656990643	0.000240464323613141	1.003374330520118	-1.8471459732350117
21.465063095092773	1.0050591899396824	-0.0027568223866704126	-1.7991225145626482	0.0027568223866704126	1.0050591899396824	-3.2686432869394544
20.884990692138672	1.0033791192908683	-0.0009837946234830567	-2.9333716695708385	0.0009837946234830567	1.0033791192908683	-1.5647500101343526
22.706270217895508	1.0029484804613837	-0.0010949598259345896	-2.7389353693792073	0.0010949598259345896	1.0029484804613837	-1.6511897126480752
21.02041244506836	1.0036334959629878	-0.0011864180683667507	-4.2454630756772	0.0011864180683667507	1.0036334959629878	-2.891037146039062
21.257877349853516	1.0040584899646405	-0.0012183593543164527	-5.660618730618631	0.0012183593543164527	1.0040584899646405	-3.1426555130522984
24.399280548095703	1.0060231784272122	-0.0018833311155136935	-8.402045374360595	0.0018833311155136935	1.0060231784272122	-0.04064138399387188
22.191286087036133	1.0046461721995648	-0.0007491040428087278	-6.706637973863396	0.0007491040428087278	1.0046461721995648	-0.8721986245949538
21.55900001525879	1.003603198297242	-6.31684478312835e-05	-5.98531779184595	6.31684478312835e-05	1.003603198297242	3.1800124649991526
21.465539932250977	1.003740952998331	-0.0008500085393488835	-5.3669581537198425	0.0008500085393488835	1.003740952998331	0.5922580379379638
21.613597869873047	1.0036666683218778	-0.00048588961385826596	-4.826678587410193	0.00048588961385826596	1.0036666683218778	2.334493762135113
22.29595184326172	1.005878602591384	-0.002439813777139308	-6.817576551215792	0.002439813777139308	1.005878602591384	4.516737853461569
21.933317184448242	1.0032087175785855	0.00015794353774381778	-4.476368971645085	-0.00015794353774381778	1.0032087175785855	3.847019570785282
21.591901779174805	1.002152668054815	-0.0014556266203460588	0.5461631236590103	0.0014556266203460588	1.002152668054815	0.7339304889980955
21.549701690673828	1.0055792685797065	-0.0007152642357016753	-3.7359799291046056	0.0007152642357016753	1.0055792685797065	-0.38138284414546786
21.678447723388672	1.004933825039613	-0.00023634632785801604	-6.275471078260765	0.00023634632785801604	1.004933825039613	1.0151889041142312
21.79861068725586	1.0039109452686512	-0.0006133405283297274	-1.336496170602472	0.0006133405283297274	1.0039109452686512	-0.42050739486995203
21.245956420898438	1.0032607426053153	-0.00044625704207878054	-4.4351798465779275	0.00044625704207878054	1.0032607426053153	0.7736482559715543
21.14105224609375	1.0037955803668248	-0.0003977010893295602	-4.592343767585867	0.0003977010893295602	1.0037955803668248	-1.841656436225823
21.015167236328125	1.0026074572841905	-0.00016448967537887964	-2.7457938337020806	0.00016448967537887964	1.0026074572841905	-1.4055273503960184
21.151065826416016	1.0034320698386052	-9.007809576372926e-05	-3.3186691036844973	9.007809576372926e-05	1.0034320698386052	-2.4005168303545457
21.761655807495117	1.0048954919437958	-0.0016513090978324903	-5.764891475132769	0.0016513090978324903	1.0048954919437958	-0.932642692532355
21.084070205688477	1.00275999038976	-0.000573907005151135	-3.6730064974494283	0.000573907005151135	1.00275999038976	0.1407801552583287
21.267175674438477	1.0019979691742014	-0.0005575765323184419	-2.623121722258366	0.0005575765323184419	1.0019979691742014	1.9407418070845879
23.072242736816406	1.0031661602011723	-0.0016643235851758846	-2.6058743622175315	0.0016643235851758846	1.0031661602011723	0.4922411203647256
22.659778594970703	1.0053611998010548	-0.0018141470451534824	-7.253132130268411	0.0018141470451534824	1.0053611998010548	-0.8699157594737715
21.78502082824707	1.003163884476748	-0.0029105862042334797	-3.9093713115260567	0.0029105862042334797	1.003163884476748	2.9786338619042687
21.019697189331055	1.002892403730655	-0.001969846761217744	-2.7079026517115703	0.001969846761217744	1.002892403730655	-1.3269150156971212
21.346569061279297	1.0036987833240187	-0.0017086194047554347	-6.356310210986606	0.0017086194047554347	1.0036987833240187	0.23861759575712757
21.350383758544922	1.0024349470998337	-0.00193545290587819	-3.7036706360689076	0.00193545290587819	1.0024349470998337	-0.5492703216900721
20.958423614501953	1.0029380319865029	-0.00222531372022145	-2.7938727711237816	0.00222531372022145	1.0029380319865029	-2.9064509113050456
21.625995635986328	1.0061108608121638	-0.0009988868116583816	-8.269655783197738	0.0009988868116583816	1.0061108608121638	-2.13275613976818
21.029949188232422	1.0029697937776942	-0.00047510273490416566	-3.3016266513513	0.00047510273490416566	1.0029697937776942	-2.7810493436270916
20.97940444946289	1.0042955719266997	0.0002751684201070721	-5.728951803521918	-0.0002751684201070721	1.0042955719266997	-1.12026553215525
21.297693252563477	1.0032226437726688	0.0008422573938553895	-5.969733755724596	-0.0008422573938553895	1.0032226437726688	-0.09882296064102138
20.7369327545166	1.0030490368415788	0.0009506256093318085	-3.2208189704504218	-0.0009506256093318085	1.0030490368415788	-0.7124082712098281
21.300315856933594	1.0044658027635285	0.002272871654639583	-3.2978078935343884	-0.002272871654639583	1.0044658027635285	1.327604034618648
20.767927169799805	1.003234936633623	0.0008842980824146531	-2.3708164708374824	-0.0008842980824146531	1.003234936633623	-0.2838354604909959
24.624109268188477	1.0017365608862605	0.0013222644397825579	0.24365119699527082	-0.0013222644397825579	1.0017365608862605	1.146131079816664
22.745132446289062	1.0018723218624093	-0.0004134954314110504	-0.7503397952044283	0.0004134954314110504	1.0018723218624093	-0.03538038936109337
21.85511589050293	1.0025574084785527	0.0005341769376893232	4.968187533067671	-0.0005341769376893232	1.0025574084785527	-0.11815033470781255
22.011280059814453	1.00317129846625	0.0014694880638969252	7.109919777781454	-0.0014694880638969252	1.00317129846625	-3.500597976765378
21.896839141845703	1.0023106662962167	0.00023479779941414853	1.8476360887459897	-0.00023479779941414853	1.0023106662962167	-1.894068502117582
23.499011993408203	1.0035839299866804	-0.0001549750989661106	2.6169763728527315	0.0001549750989661106	1.0035839299866804	-4.451336559119988
21.065711975097656	1.0030133001165162	-0.0002909510798110035	1.1635986769795104	0.0002909510798110035	1.0030133001165162	-2.8524396049630143
21.44312858581543	1.0032344847022818	-0.0002663772992083196	-0.8868216546367842	0.0002663772992083196	1.0032344847022818	-3.7057081546777173
22.107362747192383	1.0041000670963156	0.0017663940322242893	2.109415662346053	-0.0017663940322242893	1.0041000670963156	-7.934887942888777
21.12412452697754	1.002420860964848	0.00066735448014222	0.12517748812762086	-0.00066735448014222	1.002420860964848	-1.2508313706546481
20.9503173828125	1.0024343645115317	-0.00039933341729978976	-0.48707261077614405	0.00039933341729978976	1.0024343645115317	-1.0736381777142505
21.11649513244629	1.0014889806244696	0.000752060159937351	0.972157841663994	-0.000752060159937351	1.0014889806244696	-0.743086690927121
21.286725997924805	1.0034480927473888	0.0006847078763508983	-0.3931183561254935	-0.0006847078763508983	1.0034480927473888	0.7750512786121735
21.819114685058594	1.002438614460384	-0.000670613684979972	1.3103351046377654	0.000670613684979972	1.002438614460384	0.550677811396627
21.465063095092773	1.0019033398810073	0.0011183021726385526	-0.8217079275297259	-0.0011183021726385526	1.0019033398810073	2.2466352173711748
22.34959602355957	1.000501696183633	-0.0007201452533870342	-0.08384502073144051	0.0007201452533870342	1.000501696183633	1.8463730826078488
21.713733673095703	1.0016252063745752	-0.0015949549546404845	3.0394632742726477	0.0015949549546404845	1.0016252063745752	-1.5562988995882208
21.520614624023438	1.0035511221303435	-0.0009004233548909635	-3.5702213443331186	0.0009004233548909635	1.0035511221303435	-1.7081238531265035
21.718740463256836	1.0033511294808402	-0.0031967570326035546	-1.1499265159803234	0.0031967570326035546	1.0033511294808402	-1.3107967835469383
23.534059524536133	1.0034292156771882	-0.0015808241964621798	-3.2196704702726002	0.0015808241964621798	1.0034292156771882	-2.828694545656204
21.216392517089844	1.0039090502831098	-0.0011493873810666797	-5.03821486161059	0.0011493873810666797	1.0039090502831098	-1.5690243699240216
21.297693252563477	1.0029927549314537	-0.0012221719303717991	-3.4082935478595564	0.0012221719303717991	1.0029927549314537	-3.929841552075153
21.829605102539062	1.002870095415001	-0.0007125205622696614	-3.301210126210945	0.0007125205622696614	1.002870095415001	-2.7537153282319196
22.08566665649414	1.0040609108366487	1.3417371365690775e-05	-4.89177118283741	-1.3417371365690775e-05	1.0040609108366487	-1.8731924823114738
21.016836166381836	1.0019987178898027	-0.0004205896889774155	-1.545909405845726	0.0004205896889774155	1.0019987178898027	-2.2762533633793285
20.88022232055664	1.0028810422843148	9.294802117324591e-05	-2.755043040413084	-9.294802117324591e-05	1.0028810422843148	-1.076275949221936
21.001815795898438	1.0028882277665516	-2.768350719386115e-06	-2.4714143703704776	2.768350719386115e-06	1.0028882277665516	0.6021332480622863
21.126747131347656	1.0027560744967898	-0.0010932354307843823	-1.6072339812176175	0.0010932354307843823	1.0027560744967898	-2.855094772551519
23.295164108276367	1.0037661305757886	0.0001439486627550689	-1.8054334572440243	-0.0001439486627550689	1.0037661305757886	-0.33399548463750417
21.908044815063477	1.0019082930520253	-0.000964197334133809	2.635383785974469	0.000964197334133809	1.0019082930520253	-0.8090574550288646
23.641347885131836	1.0023622774022523	-0.0009281833121209734	1.7836505348914322	0.0009281833121209734	1.0023622774022523	-3.079587588328975
22.728681564331055	1.0027857735611778	-0.0006888793010669272	-2.371980832511246	0.0006888793010669272	1.0027857735611778	-2.46143189790449
21.50273323059082	1.0025322127495893	-0.0010800972748473865	1.0999728240464364	0.0010800972748473865	1.0025322127495893	-3.222055843954463
22.885560989379883	1.0082717546853577	-0.0018749593643787661	-3.097432289526095	0.0018749593643787661	1.0082717546853577	-9.407755925968056
21.51012420654297	1.0024839708740563	-0.0005335420789730085	-2.2214517742027526	0.0005335420789730085	1.0024839708740563	-3.8625893975398453
21.60954475402832	1.0028272128694196	-0.000621397725609981	-1.3110973300469473	0.000621397725609981	1.0028272128694196	-4.927188103025543
21.970033645629883	1.003955636749097	-0.0003845350463454186	-3.2408654941746047	0.0003845350463454186	1.003955636749097	-3.0184715055122378
21.093130111694336	1.0027888658422461	0.00013576826012288252	-3.212281840524186	-0.00013576826012288252	1.0027888658422461	-1.5257390710228984
22.158384323120117	1.0044714634600984	-0.000982102769121051	-1.1948434280098668	0.000982102769121051	1.0044714634600984	-3.719205381455116
21.343469619750977	1.0025979682500819	0.0005586377312468099	-2.316868005662834	-0.0005586377312468099	1.0025979682500819	1.216820157282775
21.46768569946289	1.0022990490474364	-0.0006917432042762476	-1.9030118961916664	0.0006917432042762476	1.0022990490474364	0.13884717660055
21.148681640625	1.0024637754634276	-0.0009595197043937428	-0.9002256279674141	0.0009595197043937428	1.0024637754634276	-0.5817609927210965
21.498441696166992	1.001964025461311	0.00031130334004737066	-1.3211346828956152	-0.00031130334004737066	1.001964025461311	2.2440602706552237
22.240400314331055	1.0034357260075528	-0.001805044665107737	-1.459872963726736	0.001805044665107737	1.0034357260075528	3.1580666488861997
21.419286727905273	1.0027849184529827	0.00017177990522775172	-1.264544048306818	-0.00017177990522775172	1.0027849184529827	0.37816408965091897
21.20184898376465	1.0025377158125115	0.00037704948458406923	-1.813048275607529	-0.00037704948458406923	1.0025377158125115	3.6401726403943644
21.03257179260254	1.0022326497499445	-0.0004408129493739623	-0.9953456997923065	0.0004408129493739623	1.0022326497499445	0.4262191699590941
21.007537841796875	1.0026727161064464	0.000305080875116928	-2.167824349708644	-0.000305080875116928	1.0026727161064464	0.691534507806146
21.104812622070312	1.0035482554221256	0.0024223733896467413	-3.6889855116524664	-0.0024223733896467413	1.0035482554221256	2.6570671558849264
20.586252212524414	1.002349847667847	0.0015815405685846392	-2.8778449076745938	-0.0015815405685846392	1.002349847667847	0.6407772141711858
20.627260208129883	1.0023968096586044	0.0022182145241667413	-2.9881523925159486	-0.0022182145241667413	1.0023968096586044	2.118301310076961
20.786285400390625	1.0021823498208222	0.0010231862357616488	-3.043231019383276	-0.0010231862357616488	1.0021823498208222	0.24995059951977283
21.057605743408203	1.0022763934000507	0.002471188780667103	-3.931135415127657	-0.002471188780667103	1.0022763934000507	2.606153916118721
21.522998809814453	1.0030648230123267	0.004440011178754393	-4.553475191024378	-0.004440011178754393	1.0030648230123267	5.76584864579456
20.998239517211914	1.0014819961603774	0.001739429346310807	-1.4574988732242313	-0.001739429346310807	1.0014819961603774	3.3012625624047987
21.387577056884766	1.0015998953910734	0.0010499145587255483	-2.2829502395230508	-0.0010499145587255483	1.0015998953910734	2.0971665285848857
22.469282150268555	1.0017062615847565	0.002363433662522578	-1.7423494205158598	-0.002363433662522578	1.0017062615847565	5.009552861942599
22.197723388671875	1.0016376665353435	0.0011554528638615313	-2.030195575622246	-0.0011554528638615313	1.0016376665353435	0.8976209350017036
22.402048110961914	1.0045480028812799	0.002170940746625749	-0.7847694171928659	-0.002170940746625749	1.0045480028812799	2.3173432482043856
21.82173728942871	1.0031930364908221	0.0005884717498024616	-2.471530704582608	-0.0005884717498024616	1.0031930364908221	-1.0578668878138129
22.765636444091797	1.0020226367381206	0.0015539503029382853	0.7391286427819268	-0.0015539503029382853	1.0020226367381206	0.5271708978200785
21.72088623046875	1.0030236862582664	0.0003700927338996299	-0.5183215908667054	-0.0003700927338996299	1.0030236862582664	-2.762954165509651
21.13938331604004	1.0025557869462867	0.00021050811345505035	-1.9792746600465014	-0.00021050811345505035	1.0025557869462867	-2.3626595119340577
21.966218948364258	1.0040980213875714	-0.0004673367311856156	-4.980484677351287	0.0004673367311856156	1.0040980213875714	-6.107897276600015
23.060321807861328	1.0031886630133804	-0.00014326187294636357	-3.8288510176184416	0.00014326187294636357	1.0031886630133804	-2.4712628473171376
21.031618118286133	1.0029477962562827	-0.00035137179189482115	-5.031092596703504	0.00035137179189482115	1.0029477962562827	-1.3159995011904426
20.926475524902344	1.0025713528912568	-0.0011781418811123133	-4.339030142221547	0.0011781418811123133	1.0025713528912568	-2.4574120827734545
21.22974395751953	1.003356686893844	-0.0005449885113315719	-4.437541067292748	0.0005449885113315719	1.003356686893844	-2.676511588568303
21.645307540893555	1.0041053461596692	-0.0009978110651237867	-8.161083847148301	0.0009978110651237867	1.0041053461596692	0.2246170110778466
21.166086196899414	1.0022376506993698	-0.0015143088952222477	-4.474986517353733	0.0015143088952222477	1.0022376506993698	-1.1116072153406238
21.49224281311035	1.002890475543814	0.0002580634455065233	-4.21416232436078	-0.0002580634455065233	1.002890475543814	2.316272848458031
21.642684936523438	1.0023304516298002	-0.0007983393621183012	-5.140974146607786	0.0007983393621183012	1.0023304516298002	1.4046396270878663
21.603107452392578	1.0027289336992187	-0.0017175689504765855	-2.2199590086914553	0.0017175689504765855	1.0027289336992187	-0.6165013394038423
22.15123176574707	1.0052022219551815	-0.0011075735408354493	-10.018615584549186	0.0011075735408354493	1.0052022219551815	2.591425561709654
21.280527114868164	1.0017037937720616	-0.0008534544390896184	-3.5854230052570473	0.0008534544390896184	1.0017037937720616	-1.3317339643583501
21.542787551879883	1.0031705171198184	-0.00048301660891986203	-5.525078462169484	0.00048301660891986203	1.0031705171198184	-0.3298347280725483
21.17300033569336	1.0022465744108713	1.512258394785837e-06	-5.445225053022673	-1.512258394785837e-06	1.0022465744108713	-0.42137762397999656
21.187305450439453	1.0026018380516866	0.0009763415238391866	-4.978628935805489	-0.0009763415238391866	1.0026018380516866	0.19819533240799073
24.049997329711914	1.0044899357151458	0.0004876019241610447	-11.652948824241767	-0.0004876019241610447	1.0044899357151458	-1.1533356069315868
20.956754684448242	1.0024176705065333	0.0009977769675490072	-4.914493933141864	-0.0009977769675490072	1.0024176705065333	0.8589092571245782
20.838022232055664	1.0025767252978557	0.0006870828810547587	-3.2623569926667804	-0.0006870828810547587	1.0025767252978557	-0.7960706363875257
20.786285400390625	1.0022492688671791	0.0005112793426814489	-2.60159659065998	-0.0005112793426814489	1.0022492688671791	0.3183002901656451
21.45671844482422	1.0034373923473083	0.00155346327975648	-6.177167624728559	-0.00155346327975648	1.0034373923473083	1.7172365449374307
21.67224884033203	1.0019590833244354	0.00016162798296560975	-2.17234071972125	-0.00016162798296560975	1.0019590833244354	0.6513398862134874
21.786928176879883	1.0043697418525097	0.000747960213026078	-4.539450452759237	-0.000747960213026078	1.0043697418525097	3.1460395159509456
21.214723587036133	1.0017240298707382	0.0001838361927097894	2.4700898206846644	-0.0001838361927097894	1.0017240298707382	1.281534161608714
22.235870361328125	1.0028773439837493	0.00040179747843981155	-0.7538918014238066	-0.00040179747843981155	1.0028773439837493	-1.9690775876436193
21.646499633789062	1.0018654738052264	-0.00010075136653820121	0.8069385452356402	0.00010075136653820121	1.0018654738052264	1.085154153054372
21.221637725830078	1.0027560139442362	0.0008069919524811542	0.683642870114439	-0.0008069919524811542	1.0027560139442362	0.40013585944826635
22.05824851989746	1.0040961415439393	-0.0003614348359636194	-0.9812712537609194	0.0003614348359636194	1.0040961415439393	-3.758207110501155
21.03567123413086	1.0028258859315766	0.00042319349829412134	-1.6720772051854331	-0.00042319349829412134	1.0028258859315766	-2.238752589918621
21.37279510498047	1.0032222278673222	0.00046789658465825826	-1.6462830001744466	-0.00046789658465825826	1.0032222278673222	-2.795137636382874
21.097183227539062	1.0031571895791298	-8.523988054600772e-05	-2.83212549406313	8.523988054600772e-05	1.0031571895791298	-2.774434066793097
20.483732223510742	1.0024772341416965	0.0004146174321983309	-2.259059775131507	-0.0004146174321983309	1.0024772341416965	-0.5427913177698215
21.49176597595215	1.005592524256425	0.00016377512779340215	-4.608740919972649	-0.00016377512779340215	1.005592524256425	-2.900538123411441
20.557641983032227	1.002815549570521	-0.0006921008567141252	-1.9585845703326696	0.0006921008567141252	1.002815549570521	-1.5347449233329864
22.82261848449707	1.0028348558103497	-0.0007786256280864715	-1.927267176494319	0.0007786256280864715	1.0028348558103497	-0.9487209468846
21.13032341003418	1.0034245521411915	0.0006329012055602335	-2.062092300899163	-0.0006329012055602335	1.0034245521411915	-0.5299396371594471
21.33488655090332	1.0029969349416445	-0.0011250735548631614	-4.3495516563877406	0.0011250735548631614	1.0029969349416445	-2.1971671962040302
22.10378646850586	1.0049722873307128	-0.0013622143273277674	-2.2036557552295375	0.0013622143273277674	1.0049722873307128	-1.3858011239813022
21.623849868774414	1.0028443018166608	-0.0006326856487047082	-3.64405515318246	0.0006326856487047082	1.0028443018166608	1.8807912498236452
21.24762535095215	1.0029779964363044	-0.0012329071419809076	-3.139596492062269	0.0012329071419809076	1.0029779964363044	-0.6616157906747201
21.323442459106445	1.0033072390411661	-0.001518808792978516	-3.1835310095468072	0.001518808792978516	1.0033072390411661	-3.54354633912877
21.270275115966797	1.0032228692287881	-0.00045941216243389264	-4.128179828390172	0.00045941216243389264	1.0032228692287881	0.04180436814530706
21.746158599853516	1.0044658145664116	-0.0029612064838275064	-7.883939306203659	0.0029612064838275064	1.0044658145664116	-3.7319432316887564
21.079540252685547	1.0026445542696132	-0.00026428253958337626	-3.824741592885301	0.00026428253958337626	1.0026445542696132	-1.5260576699264465
20.98846435546875	1.0024983348317287	-0.0006758606604224081	-2.6839803636364175	0.0006758606604224081	1.0024983348317287	-0.9047640633808394
21.129131317138672	1.0025950606396605	-0.0007531377539533751	-2.491922493742727	0.0007531377539533751	1.0025950606396605	-2.0171544951341924
20.93648910522461	1.0025461312206791	2.964112045201404e-05	-3.559391806243382	-2.964112045201404e-05	1.0025461312206791	-0.289787338978929
21.607637405395508	1.0035612771943068	0.0006010077887023338	-4.7784415328135115	-0.0006010077887023338	1.0035612771943068	2.5322597657433965
24.712562561035156	1.0003883658273023	0.0012170737549323737	-1.3646019260345656	-0.0012170737549323737	1.0003883658273023	2.5288230891584202
23.76246452331543	1.0033590040447933	0.000626795809079759	-2.918923387314182	-0.000626795809079759	1.0033590040447933	1.4715525733445047
21.90089225769043	1.0016661524730495	0.0006672952366602572	1.8899777369703128	-0.0006672952366602572	1.0016661524730495	0.6932000176556949
20.98393440246582	1.0024831554932985	0.0018609494066390928	1.0480010158827808	-0.0018609494066390928	1.0024831554932985	1.3541718632577961
23.396730422973633	1.0031507332721843	0.0014018696880367862	0.2690318218273963	-0.0014018696880367862	1.0031507332721843	0.502853371165724
21.270275115966797	1.0028015143797429	0.0013326600342924535	1.6618484929415454	-0.0013326600342924535	1.0028015143797429	-1.7349389093036325
21.245241165161133	1.0023889382982987	0.00044958789784239027	0.3920572741131152	-0.00044958789784239027	1.0023889382982987	-1.5199337827691586
21.008014678955078	1.0021569326193283	-1.852608581897941e-05	-1.6632643477475597	1.852608581897941e-05	1.0021569326193283	-1.9799634112591817
21.30913734436035	1.0023538341926723	0.0004468633648613238	-1.0820290462336264	-0.0004468633648613238	1.0023538341926723	-3.5994782243675254
21.38972282409668	1.003734565018895	0.0020518738500220025	-0.9718196955693408	-0.0020518738500220025	1.003734565018895	-1.4196551011341292
20.94864845275879	1.0022389979367268	-0.00030146810268019675	-0.41094982963972004	0.00030146810268019675	1.0022389979367268	-1.9911669481922967
20.92719078063965	1.002183469324351	0.0005950528663769762	0.3988724606180884	-0.0005950528663769762	1.002183469324351	-0.2928558138054081
21.090984344482422	1.0022900827392587	0.0009375544581581921	-0.9956450895621933	-0.0009375544581581921	1.0022900827392587	0.6347899394166451
24.182796478271484	1.0021641384754072	0.00037724151668062277	-0.02541076134844311	-0.00037724151668062277	1.0021641384754072	0.9962625853926071
21.841049194335938	1.0036370691784597	-0.00016122220133205225	0.8936096354295704	0.00016122220133205225	1.0036370691784597	1.1625725702723857
21.617889404296875	1.0026888803250344	-0.0007979160189746568	-1.3364617028937271	0.0007979160189746568	1.0026888803250344	0.05313847811756766
21.65055274963379	1.0024032000261753	-0.001203067975166076	0.9816885328282187	0.001203067975166076	1.0024032000261753	0.06288304041271449
21.35467529296875	1.0029934446246662	-0.0005354180391285096	-0.9671372047619549	0.0005354180391285096	1.0029934446246662	-3.307699391188282
21.3775634765625	1.0027495115770129	0.00040637342416479906	-2.9448588203083466	-0.00040637342416479906	1.0027495115770129	2.3815994777258505
21.39568328857422	1.0040414180037012	-0.001621889208270008	0.8043793447050082	0.001621889208270008	1.0040414180037012	-4.6427008224285276
20.96271514892578	1.0026087252120748	-0.00030637067599860153	-2.4164469408093834	0.00030637067599860153	1.0026087252120748	-1.8612067562551518
20.99466323852539	1.0024310292260756	-0.0008234225285481524	-2.2541496840600823	0.0008234225285481524	1.0024310292260756	-3.105270822400509
22.329092025756836	1.0026036357159707	-0.0005682645257223552	-0.7613486437545022	0.0005682645257223552	1.0026036357159707	-4.656375873341951
21.027565002441406	1.0027548720645738	-0.00014017944420278625	-2.1363309116726237	0.00014017944420278625	1.0027548720645738	-2.217322165458927
21.465778350830078	1.0042295125168468	-0.000658898591657066	-3.1043311171632055	0.000658898591657066	1.0042295125168468	-3.8751187665544715
21.06642723083496	1.0025538227591715	-0.0004555486751248787	-0.2871297808989663	0.0004555486751248787	1.0025538227591715	-2.610124354109282
21.16990089416504	1.0026718051623968	0.0007029900951835827	-4.4107806798553835	-0.0007029900951835827	1.0026718051623968	1.001371399944588
21.084070205688477	1.0023466158948504	-0.0009224635409764177	-0.9674747220327309	0.0009224635409764177	1.0023466158948504	-2.76699959320705
24.46746826171875	1.0016384928383688	0.000799108824291573	-1.247653119808322	-0.000799108824291573	1.0016384928383688	0.12543074839110682
21.969318389892578	1.003319059526057	0.00021524095673028376	-0.15909907953113692	-0.00021524095673028376	1.003319059526057	0.17857519065625693
21.261930465698242	1.002937589409271	0.0005334213095208926	2.430781025619356	-0.0005334213095208926	1.002937589409271	-2.962827141883098
21.482467651367188	1.0036500607583685	0.0006606860535623208	-0.9824256106935413	-0.0006606860535623208	1.0036500607583685	-1.8578916487513724
21.389245986938477	1.003169414676131	0.000658218894729616	-0.5760422383414391	-0.000658218894729616	1.003169414676131	-0.972058733389231
22.02606201171875	1.003123743681136	0.00044759946655673484	0.9739719797250274	-0.00044759946655673484	1.003123743681136	-4.056155055382893
22.144079208374023	1.005823654380343	-0.00019543792970467744	-0.8478230848323416	0.00019543792970467744	1.005823654380343	-6.959693801557888
21.610021591186523	1.0028698308416761	-0.0005534455361476908	0.0496814009006572	0.0005534455361476908	1.0028698308416761	-5.7884532332989584
24.01280403137207	1.0027581177394331	8.941769893406557e-05	-1.2256620443958637	-8.941769893406557e-05	1.0027581177394331	-3.68327090597133
21.17919921875	1.0028553606170354	-0.00030555307948777955	-2.3886091272106373	0.00030555307948777955	1.0028553606170354	-3.045343884557187
21.349430084228516	1.002657019239134	-0.0006879603386625402	-0.41966800539434834	0.0006879603386625402	1.002657019239134	-3.6868217472885845
21.720409393310547	1.004145564844153	-0.00011963429123976635	-3.1222205950366377	0.00011963429123976635	1.004145564844153	-2.089630872024748
21.14415168762207	1.0027849748132867	-0.00024075651200363622	-1.7896781432873463	0.00024075651200363622	1.0027849748132867	-1.795876516119814
21.30270004272461	1.0019835792103484	-0.0007996940777932852	-1.6365840316344042	0.0007996940777932852	1.0019835792103484	0.8301291546066567
20.972490310668945	1.0025725723283807	0.00025633438277420447	-2.9475007690295842	-0.00025633438277420447	1.0025725723283807	-0.6930036224232755
23.12183380126953	1.001796714247327	-4.28236350501501e-05	-4.6606162527728205	4.28236350501501e-05	1.001796714247327	2.3391682051590794
22.397279739379883	1.0044879668307933	-6.541578039768857e-05	-4.498426550564559	6.541578039768857e-05	1.0044879668307933	-0.028734105339064286
22.089481353759766	1.0018201169389092	0.00022859979650943055	-7.272971879147971	-0.00022859979650943055	1.0018201169389092	2.1877877081524857
20.845413208007812	1.0019121569625427	0.00035862358537983204	-2.729571188813444	-0.00035862358537983204	1.0019121569625427	-1.5505826796295523
21.476268768310547	1.0025034131872046	0.0004952648662681825	-4.13073487220456	-0.0004952648662681825	1.0025034131872046	0.2932913650977458
21.226167678833008	1.0026705860863134	-0.00039216896884383115	-5.775042154077224	0.00039216896884383115	1.0026705860863134	-2.0687509060992935
21.808862686157227	1.00486782825805	-0.0006062541367128073	-12.544830761148466	0.0006062541367128073	1.00486782825805	-6.993030341278535
21.379470825195312	1.0023333436666515	5.856785852298619e-05	-7.584128891289288	-5.856785852298619e-05	1.0023333436666515	-1.435120847591962
21.487712860107422	1.0022490534943878	-0.0006735782612297125	-5.74648152679176	0.0006735782612297125	1.0022490534943878	-2.7877295734046297
21.41714096069336	1.0020674321393492	-0.00021535856491176203	-6.067646074030224	0.00021535856491176203	1.0020674321393492	-1.709086641433947
21.32558822631836	1.0020519981658536	8.98227582733107e-05	-5.979079561925824	-8.98227582733107e-05	1.0020519981658536	-0.3920639178793759
21.651268005371094	1.0043653972633328	0.00039570964406728405	-9.533208045889532	-0.00039570964406728405	1.0043653972633328	-0.2605210223121621
21.547555923461914	1.002126564367152	0.00021582209469539498	-3.7557006601188485	-0.00021582209469539498	1.002126564367152	-1.0198993019533662
22.95064926147461	1.002664146356585	0.0005799640621917067	-5.513687634972208	-0.0005799640621917067	1.002664146356585	1.5437649370982391
21.760225296020508	1.002162622881008	0.0010372989867208254	-2.386962163926975	-0.0010372989867208254	1.002162622881008	-0.08367560418899672
23.075342178344727	1.0027698338899396	0.0006249636000946476	-1.315546563761505	-0.0006249636000946476	1.0027698338899396	-0.41470797374820384
22.137880325317383	1.0047443149974102	0.0009198257328521446	-7.597820221531427	-0.0009198257328521446	1.0047443149974102	-4.5904674689158345
21.514892578125	1.0027586230533965	0.0004541905043026238	-0.9090805249386222	-0.0004541905043026238	1.0027586230533965	-4.184908269385718
21.435976028442383	1.0028385364430703	-1.2006339190957609e-05	-1.5345680121213205	1.2006339190957609e-05	1.0028385364430703	-2.6177510535842607
21.295547485351562	1.002630664312717	-1.3045296218035934e-06	-3.4612877085579843	1.3045296218035934e-06	1.002630664312717	-3.2159029710289158
21.341800689697266	1.0026883417044679	0.0004985622887328238	-3.1961540867739386	-0.0004985622887328238	1.0026883417044679	-3.6523753873462725
21.816730499267578	1.0050196146370705	0.0017785975346385507	-5.545243037585256	-0.0017785975346385507	1.0050196146370705	-4.413974674039216
21.129369735717773	1.002463768023576	0.0007456296676691544	-3.394914681748906	-0.0007456296676691544	1.002463768023576	-1.2500061811477883
20.979881286621094	1.00260940785522	0.0008347658080136422	-2.4577404231884037	-0.0008347658080136422	1.00260940785522	-1.2073436035144294
20.902156829833984	1.0026477647572423	0.0015365622542748703	-2.350073563873684	-0.0015365622542748703	1.0026477647572423	0.7220163231929466
20.991086959838867	1.002381487052575	0.0003333353552634927	-2.7113897058499865	-0.0003333353552634927	1.002381487052575	1.4866685357185627
21.584272384643555	1.004833506448913	0.0018819168296781092	-5.3962351917125755	-0.0018819168296781092	1.004833506448913	2.576868037954887
22.6747989654541	1.0021154322515253	-0.0001641112677352414	-3.0487166216335386	0.0001641112677352414	1.0021154322515253	0.9252717002707618
21.65675163269043	1.0029568247870213	-0.00018880942824006067	0.5644617912571391	0.00018880942824006067	1.0029568247870213	-0.07984946204800471
21.072864532470703	1.002909205782937	0.0008612406077678561	-3.3616641127346574	-0.0008612406077678561	1.002909205782937	-1.5329634242604417
21.51656150817871	1.0023441398286637	0.0001276468963377137	-1.272873767787712	-0.0001276468963377137	1.0023441398286637	2.925431957181231
21.628379821777344	1.004788599583158	-0.0010744048060323634	-7.148682334816282	0.0010744048060323634	1.004788599583158	-5.145098915210128
20.970582962036133	1.002745177972098	0.0002454747392661422	-1.9860111299658127	-0.0002454747392661422	1.002745177972098	-2.3457892643435074
21.269559860229492	1.0029522364974197	0.0002543341333540836	-3.3767045869754333	-0.0002543341333540836	1.0029522364974197	-2.850565234605902
21.173715591430664	1.0028627323289938	5.357097716722897e-05	-4.693181822219977	-5.357097716722897e-05	1.0028627323289938	-2.1964458758508516
21.180152893066406	1.002648513721779	0.0011912472266102639	-5.22244457269018	-0.0011912472266102639	1.002648513721779	0.23058863326543477
21.383047103881836	1.0052012094503724	0.0015629976767012423	-5.223963482827072	-0.0015629976767012423	1.0052012094503724	-1.462806667434628
21.36516571044922	1.0028717255510076	0.0004948113348646143	-3.8987115770363134	-0.0004948113348646143	1.0028717255510076	2.5786583629206983
21.24810218811035	1.0024502876909833	0.00020166620759349847	-3.229527502871641	-0.00020166620759349847	1.0024502876909833	0.7622092402882497
21.500825881958008	1.0023439435979171	0.0003763137277717539	-2.100820584809688	-0.0003763137277717539	1.0023439435979171	1.948993357786077
21.5609073638916	1.0020861472351805	0.000707150704085189	-3.239299609510345	-0.000707150704085189	1.0020861472351805	3.2030300673731236
22.107362747192383	1.0049038380220636	0.0011437897340832543	0.4876177924766557	-0.0011437897340832543	1.0049038380220636	4.286993124868329
21.58069610595703	1.0022824441967928	0.000959353730723476	4.68837771989286	-0.000959353730723476	1.0022824441967928	3.4404395673372443
22.52197265625	1.0025254581676357	4.8386350138830805e-05	1.4351075461736253	-4.8386350138830805e-05	1.0025254581676357	-0.9663588789936701
22.34482765197754	1.0024278341585262	-0.00011051314620924263	0.8969539872841515	0.00011051314620924263	1.0024278341585262	1.520386406491247
21.373271942138672	1.0037491150845397	0.000581753698169141	2.5236573242443106	-0.000581753698169141	1.0037491150845397	-0.910675913945887
22.062063217163086	1.0057652954592315	-0.0008426152466982659	1.0627029615003492	0.0008426152466982659	1.0057652954592315	-4.8172797320129455
21.216630935668945	1.0030767675727414	0.00013513942405510502	-0.5004376461383084	-0.00013513942405510502	1.0030767675727414	-1.6988147478589843
21.48270606994629	1.0033792760143359	0.0007139430562174549	-0.04648340378485416	-0.0007139430562174549	1.0033792760143359	-3.6593659278182793
21.182775497436523	1.0030698877029762	0.0004928474708645512	-0.8598567049245809	-0.0004928474708645512	1.0030698877029762	-0.5626767621136425
21.76380157470703	1.0028157534730247	-0.000818361399004786	-0.5672528158622321	0.000818361399004786	1.0028157534730247	-2.3386478167083413
22.675514221191406	1.0051230917641834	-0.0009628663094209089	-1.963222754846361	0.0009628663094209089	1.0051230917641834	-1.8628032925632914
21.00658416748047	1.0027703018826364	-0.0010819755942326856	-1.476243693122027	0.0010819755942326856	1.0027703018826364	-0.40381656085991813
21.645545959472656	1.0027849779469906	-0.002131183102596472	1.22809861202929	0.002131183102596472	1.0027849779469906	-0.21104275861233662
21.22211456298828	1.002650876450337	-0.001182750510541072	-1.6538397689446989	0.001182750510541072	1.002650876450337	-0.07155291162773553
23.23007583618164	1.0023699135382176	-0.0024214659107147977	-3.299366501951862	0.0024214659107147977	1.0023699135382176	0.5031932067845017
23.301124572753906	1.0049452558470122	-0.003945780697757673	-0.1995893257478489	0.003945780697757673	1.0049452558470122	-1.3015132054295302
22.890329360961914	1.002344131830062	-0.0013908268685329888	-3.899128294886785	0.0013908268685329888	1.002344131830062	1.5972637758548611
21.673917770385742	1.003347337474057	-0.001930616713815027	-2.822465008514935	0.001930616713815027	1.003347337474057	-3.410457839862347
21.36683464050293	1.0029384518954152	-0.0014817658519978663	-3.7703904623799755	0.0014817658519978663	1.0029384518954152	-1.968853686315966
21.692514419555664	1.003289992759993	-0.0012043510543901115	-7.10265161395311	0.0012043510543901115	1.003289992759993	-2.222264131789691
22.014379501342773	1.0050069545558122	-0.0026267200172952294	-7.172605978501639	0.0026267200172952294	1.0050069545558122	-7.462399457710474
21.26455307006836	1.003103393454797	-0.000424196968080954	-5.27039935208022	0.000424196968080954	1.003103393454797	-1.9787012872282317
21.105051040649414	1.002470250602729	-0.00098480905432148	-3.5163908166550035	0.00098480905432148	1.002470250602729	-1.0867792959706664
21.29197120666504	1.0029890874382157	-0.0007610985519589869	-3.39431529726613	0.0007610985519589869	1.0029890874382157	-2.9992073007621896
21.243810653686523	1.0025049273972164	7.024792869745887e-05	-2.690521751130722	-7.024792869745887e-05	1.0025049273972164	1.697404597745251
21.843671798706055	1.0038459725598663	-0.0004104677379942802	-4.3904898483714625	0.0004104677379942802	1.0038459725598663	2.38675431506584
21.986722946166992	1.0019363460247503	0.0006231837834153917	0.10775975399424743	-0.0006231837834153917	1.0019363460247503	2.403062798205381
27.031660079956055	1.0010666228579481	0.0010629340477656323	-1.7723481672941315	-0.0010629340477656323	1.0010666228579481	3.019261090156635
23.171186447143555	1.002954944236457	0.0002835288723839332	1.7532117295170249	-0.0002835288723839332	1.002954944236457	0.5338152619104148
21.265268325805664	1.00279773839073	0.0010469615332691427	-2.704291970125757	-0.0010469615332691427	1.00279773839073	1.2509613402772988
21.34418487548828	1.004122682834102	0.0017848307166504242	-3.842477026208938	-0.0017848307166504242	1.004122682834102	1.3732119897261628
21.06928825378418	1.0025392260553112	0.00019739368319253328	-1.0099263825673144	-0.00019739368319253328	1.0025392260553112	0.5340178555269397
20.869731903076172	1.0025074858489187	-4.2162571384690356e-05	-3.0301042311260487	4.2162571384690356e-05	1.0025074858489187	-0.01717065732694356
21.153926849365234	1.0023458958358502	0.00025779535855406004	-1.4424722406263666	-0.00025779535855406004	1.0023458958358502	0.4052337310415391
20.745038986206055	1.0028684098632508	0.0007551562516287246	-2.035093212048034	-0.0007551562516287246	1.0028684098632508	-0.2905614564624895
21.575212478637695	1.0034980092284915	0.001202212147197733	-3.323663304721221	-0.001202212147197733	1.0034980092284915	3.885246956780299
21.237611770629883	1.002692811264008	0.0003826720788493385	-0.22887617876591054	-0.0003826720788493385	1.002692811264008	1.2330406976044594
21.580219268798828	1.0018310290179855	0.000616160039369945	-0.2647056838127765	-0.000616160039369945	1.0018310290179855	3.4402251618007154
21.648883819580078	1.0020618162891477	0.000535696911244465	0.49966943345186715	-0.000535696911244465	1.0020618162891477	3.3097431715636447
21.672964096069336	1.0026119760057102	3.209050656329633e-05	0.5669809032318011	-3.209050656329633e-05	1.0026119760057102	2.011300909561364
22.648334503173828	1.0024469528233424	0.0013158353928588587	0.3396345057303179	-0.0013158353928588587	1.0024469528233424	8.89879396077972
21.904706954956055	1.003281635333472	-0.00015788912510628604	1.3026357169294909	0.00015788912510628604	1.003281635333472	0.04129521003822223
21.636247634887695	1.0025626634939608	0.0013303629537218047	-2.2157533054627345	-0.0013303629537218047	1.0025626634939608	2.33121898968934
21.79265022277832	1.001659928183542	0.0006093955323455698	-1.5776508006357608	-0.0006093955323455698	1.001659928183542	4.223280865013794
22.029638290405273	1.0030146222970393	-0.0002573549310914681	-0.1661689201718668	0.0002573549310914681	1.0030146222970393	-2.433353586743459
23.084163665771484	1.0037233442373028	0.0016647189895274742	-3.895599581037717	-0.0016647189895274742	1.0037233442373028	1.684759893083491
21.762847900390625	1.0029328190612041	0.0007364743787792599	-1.5109690411741286	-0.0007364743787792599	1.0029328190612041	-2.176131229805805
23.653507232666016	1.0025191453133522	0.0008215074715389488	-1.880877360808479	-0.0008215074715389488	1.0025191453133522	-1.5959843979659156
20.50018310546875	1.001978680370112	0.0013838053506006476	-1.4269313356110889	-0.0013838053506006476	1.001978680370112	-0.20389360513978572
21.13509178161621	1.0020663204337408	0.0008465316146050286	-0.8810114475243543	-0.0008465316146050286	1.0020663204337408	-1.5736610861735982
21.674394607543945	1.0037819103428522	0.0021651581093215144	0.7202301410502396	-0.0021651581093215144	1.0037819103428522	0.33924051146632855
20.78986167907715	1.0022142845523483	0.0009293964431455827	0.06999695832104202	-0.0009293964431455827	1.0022142845523483	0.03968107864634518
20.77794075012207	1.0020967539175663	0.0009929117190379	-0.31951381750858393	-0.0009929117190379	1.0020967539175663	0.067054407078697
24.08313751220703	1.0020058000593242	0.00011505805277032286	2.141594990985806	-0.00011505805277032286	1.0020058000593242	-0.22181806019199612
21.72708511352539	1.002102023709213	0.0011146286348624587	-1.0436914332962888	-0.0011146286348624587	1.002102023709213	0.26815439022914506
22.05181121826172	1.0031276069829096	0.0014274191893585513	7.403310484204944	-0.0014274191893585513	1.0031276069829096	-0.26459032246684616
21.15154266357422	1.0020166681438363	0.0004722364183694238	0.32367540934547084	-0.0004722364183694238	1.0020166681438363	1.3006364022290482
21.39449119567871	1.0024034788794924	0.0008097105334217554	1.7663467198710743	-0.0008097105334217554	1.0024034788794924	-0.5379657430646776
21.444082260131836	1.0028084008217417	0.0004189762072601682	0.27051833301106554	-0.0004189762072601682	1.0028084008217417	-0.9772453427537344
20.961999893188477	1.0014754350676969	-0.00017650706207808075	-0.1174490376218329	0.00017650706207808075	1.0014754350676969	-0.2237487317850566
21.32272720336914	1.0019235524507872	0.0007027576151110422	0.3403897752974424	-0.0007027576151110422	1.0019235524507872	-1.4201183499258678
21.713733673095703	1.0039050261568192	0.001782283320577583	1.8492519249812351	-0.001782283320577583	1.0039050261568192	-0.3497994450456935
20.853519439697266	1.0018770472441045	0.00027236095375993396	-0.31294349698143226	-0.00027236095375993396	1.0018770472441045	0.4006142631015167
21.071910858154297	1.0020700755861802	0.00019233022575729052	0.6034870541313295	-0.00019233022575729052	1.0020700755861802	-0.9781409949311332
21.09360694885254	1.0019014152488173	-0.00034229365896482815	0.4024069089374339	0.00034229365896482815	1.0019014152488173	0.15749312869247328
20.93362808227539	1.0019769966115861	0.00017471197529429224	-0.846721251885515	-0.00017471197529429224	1.0019769966115861	0.5082620114071743
21.71468734741211	1.003266272254623	-0.0015052824448461798	0.7471403907372252	0.0015052824448461798	1.003266272254623	0.5968456936018923
21.64745330810547	1.0021965589359672	0.00013658428331233478	-1.7153232500995086	-0.00013658428331233478	1.0021965589359672	1.6524967740929624
21.70729637145996	1.0018600650487692	-0.0009917287935915658	0.7390499770379845	0.0009917287935915658	1.0018600650487692	0.1981507022319957
21.302223205566406	1.0022056300939661	-0.00047911180316258955	0.4384184050523482	0.00047911180316258955	1.0022056300939661	-1.1816944399375193
20.8740234375	1.0021186863340443	0.00031905302306517767	-2.1278065463759672	-0.00031905302306517767	1.0021186863340443	-0.6984868785305347
21.849632263183594	1.0040163954667678	-0.0005354412927156117	-2.1455794600251306	0.0005354412927156117	1.0040163954667678	-4.931226887187469
21.489381790161133	1.0028193259084308	-0.00033518893485405326	-3.355260594298697	0.00033518893485405326	1.0028193259084308	-2.181014701788008
21.670103073120117	1.002554731899068	-0.00042058310201183185	-6.3747181045560675	0.00042058310201183185	1.002554731899068	-3.9678208180791783
21.6217041015625	1.001949594148544	-0.000533378272559233	-1.563564372740899	0.000533378272559233	1.001949594148544	-4.773343269851872
21.448135375976562	1.0026432343295437	5.254606545415262e-05	-2.207915888178726	-5.254606545415262e-05	1.0026432343295437	-4.570016661667986
21.97408676147461	1.0043429744365548	-0.0017529916421834182	-8.005781183638566	0.0017529916421834182	1.0043429744365548	-7.030082715018393
20.625829696655273	1.0018487414142756	-0.0003572914442291843	-1.0855543908193324	0.0003572914442291843	1.0018487414142756	-1.8168796439086528
20.359039306640625	1.0018559858459501	-0.00012241117774470503	-1.461018948250765	0.00012241117774470503	1.0018559858459501	-1.1549943632672652
20.4775333404541	1.0021051916430421	0.000527533610218758	-2.6019060953902255	-0.000527533610218758	1.0021051916430421	0.2500468624124599
22.052288055419922	1.0015057835597558	-0.0004440264023636079	-0.9899075518314157	0.0004440264023636079	1.0015057835597558	0.33095201080713643
21.982192993164062	1.0024326901708978	0.0017486768932770663	-1.0498117054710792	-0.0017486768932770663	1.0024326901708978	3.0798460670177694
21.61407470703125	1.001727406327431	-7.895312771939776e-05	3.9005019371696834	7.895312771939776e-05	1.001727406327431	0.4108040920769349
22.734403610229492	1.0022055735284943	5.781922318233955e-05	1.0331017194014418	-5.781922318233955e-05	1.0022055735284943	-1.4506784418724918
21.76642417907715	1.0015836168144228	-0.0003412113581263088	0.40727898734927503	0.0003412113581263088	1.0015836168144228	-0.008680845384724245
21.07834815979004	1.001521722808976	0.0006054405627085215	2.438109445325363	-0.0006054405627085215	1.001521722808976	0.016635800997683248
21.512269973754883	1.0034565837964615	-0.00177747676599254	2.3325361061038663	0.00177747676599254	1.0034565837964615	-5.1131390095240326
21.436214447021484	1.00132463521533	-0.0005115131662200182	1.993690173891741	0.0005115131662200182	1.00132463521533	-2.0510579986952124
21.55923843383789	1.0015639340224658	-0.0007106283498851541	3.796218753865839	0.0007106283498851541	1.0015639340224658	-3.09690064492931
21.02971076965332	1.0013259273408714	-0.0009437663796658075	2.5994736116257275	0.0009437663796658075	1.0013259273408714	-1.9057773237075404
21.457910537719727	1.0013565336035404	-0.0012062426499233484	2.511443807991425	0.0012062426499233484	1.0013565336035404	-1.750313584983521
22.663593292236328	1.0027280526367686	-0.004898510910173829	7.809219390190489	0.004898510910173829	1.0027280526367686	-6.062472952669635
