19.498109817504883	0.9999571733433026	1.367562307958331e-05	0.2866775193717656	-1.367562307958331e-05	0.9999571733433026	-0.00695232998883108
19.411325454711914	0.9999575990139239	-5.4214820249409566e-05	0.26771515377107696	5.4214820249409566e-05	0.9999575990139239	-0.0265252532637855
19.600868225097656	0.9999617130575649	-5.614758995098323e-05	0.25013345260589	5.614758995098323e-05	0.9999617130575649	-0.027504609855373105
18.65673065185547	0.9999994506224601	-1.12233634586664e-05	0.01324812402834303	1.12233634586664e-05	0.9999994506224601	-0.008805361985239995
18.47100257873535	0.999999067555187	-2.303239242934245e-05	-0.0037972701320784156	2.303239242934245e-05	0.999999067555187	-0.01614567039470226
19.414901733398438	0.9999384084337689	-0.00016577192340766592	-0.07661602093727601	0.00016577192340766592	0.9999384084337689	-0.07454158082733292
19.74654197692871	1.0000784123979307	-3.475410952445103e-05	-0.42747391557132214	3.475410952445103e-05	1.0000784123979307	-0.0025409593119110944
19.84381675720215	1.0000424043868936	5.088442774796786e-05	-0.4900992640739059	-5.088442774796786e-05	1.0000424043868936	0.05998715513841446
18.992185592651367	0.9999737274994257	-1.1557734422178601e-05	-0.011496369970377618	1.1557734422178601e-05	0.9999737274994257	0.013595589448728629
20.01023292541504	1.0000177962797554	1.1017760887319842e-05	-0.016783711733680307	-1.1017760887319842e-05	1.0000177962797554	0.011919711841614765
19.22321319580078	1.0000141621547223	0.00015410219612370905	-0.16014309926149994	-0.00015410219612370905	1.0000141621547223	0.18516109019407037
19.172191619873047	1.0000323553338941	0.00018262038758404286	-0.11534865960001114	-0.00018262038758404286	1.0000323553338941	0.18982507805339469
19.036531448364258	0.9999479402387389	0.0001338443145251952	0.11891878271804118	-0.0001338443145251952	0.9999479402387389	0.1266585991802558
19.241809844970703	1.0000101939001598	0.0001478258407584414	0.041177698334188384	-0.0001478258407584414	1.0000101939001598	0.1786364969730062
23.11873435974121	1.0000542165571928	-3.1463503183060296e-05	-0.10576468258528841	3.1463503183060296e-05	1.0000542165571928	0.02442396244796501
19.707202911376953	1.0000381318575717	4.7265678255253694e-05	-0.38638709512597585	-4.7265678255253694e-05	1.0000381318575717	0.07007631233646097
19.683122634887695	1.0000129393084927	5.335128815915246e-05	-0.2953670057552601	-5.335128815915246e-05	1.0000129393084927	0.07857854312529672
18.894433975219727	0.9999818830216989	4.5153757565618573e-05	-0.014791682913942577	-4.5153757565618573e-05	0.9999818830216989	0.0485545758450569
21.544933319091797	0.9999577948304635	2.045822304694282e-05	0.0011245834653367149	-2.045822304694282e-05	0.9999577948304635	0.026148239502785234
19.091129302978516	1.0000397866248967	5.411166924450335e-05	-0.17276803256545062	-5.411166924450335e-05	1.0000397866248967	0.03915964152377391
19.56319808959961	1.0000165741804752	0.00013114666417491554	-0.2915662802362295	-0.00013114666417491554	1.0000165741804752	0.07520134509913334
18.93305778503418	1.0000011943064555	-2.5596408010902506e-06	-0.059141987284059214	2.5596408010902506e-06	1.0000011943064555	-0.005905266164561232
18.601179122924805	0.9999943744367811	-1.482796941981833e-05	0.020699592363642418	1.482796941981833e-05	0.9999943744367811	-0.007795696487646853
21.45242691040039	1.0000614796285352	-0.00011046229083361836	-0.17584726637302586	0.00011046229083361836	1.0000614796285352	-0.10226911195533764
19.11783218383789	1.0000219574160634	7.086408561129284e-07	-0.104314597027381	-7.086408561129284e-07	1.0000219574160634	-0.008702992971253404
18.715620040893555	1.0000008635973716	1.2589604544680183e-05	-0.00613298655397959	-1.2589604544680183e-05	1.0000008635973716	0.012140941807223415
19.14381980895996	0.9999870371563979	-3.952880157125625e-05	0.12542208683474454	3.952880157125625e-05	0.9999870371563979	-0.02796964622626
18.85986328125	0.999984705308662	-3.420404571713847e-05	0.061826062535919206	3.420404571713847e-05	0.999984705308662	-0.02435779881140796
21.56662940979004	1.0000216148217669	8.11556917003833e-06	-0.0205156815958914	-8.11556917003833e-06	1.0000216148217669	-0.010110830153679473
19.90509033203125	0.9999167377405551	-1.3918937883483717e-05	0.39870605006414694	1.3918937883483717e-05	0.9999167377405551	0.06511269432518076
19.120216369628906	1.0000199964577434	-5.686835842668446e-05	0.08248596374119548	5.686835842668446e-05	1.0000199964577434	-0.025948783775701294
18.793106079101562	0.9999957882076709	7.57409407921098e-06	0.03381300236701497	-7.57409407921098e-06	0.9999957882076709	0.00952118886771456
19.524574279785156	1.0000440316141812	-8.009339438120537e-05	-0.25761161184122106	8.009339438120537e-05	1.0000440316141812	-0.05528594939722335
19.92058753967285	1.0000256382507824	6.358013070766213e-05	-0.4515012531185756	-6.358013070766213e-05	1.0000256382507824	0.06777519691420378
19.1650390625	1.0000855198635474	0.00012748993886792684	-0.18755390596744087	-0.00012748993886792684	1.0000855198635474	0.1041236952451635
19.18768882751465	0.9999479898596383	0.0002137883976979992	0.1554015567374295	-0.0002137883976979992	0.9999479898596383	0.22574136669059103
19.514799118041992	0.999926133969279	0.00024348001878827946	0.19410507470217817	-0.00024348001878827946	0.999926133969279	0.24170761015612233
19.382953643798828	0.9999917563501628	4.860106507645291e-05	0.21082716161465104	-4.860106507645291e-05	0.9999917563501628	0.019415169372765495
19.47021484375	0.9999810560573733	-2.0835577044234904e-05	0.24147515396951563	2.0835577044234904e-05	0.9999810560573733	-0.02916409039860729
18.98956298828125	1.0000162455932986	-0.0001096427840479703	-0.03032139324747947	0.0001096427840479703	1.0000162455932986	-0.06282099003452218
19.13738250732422	1.0000584876393384	-1.1590656256629838e-05	-0.16288393310802532	1.1590656256629838e-05	1.0000584876393384	-0.07127098112331043
19.432544708251953	1.000057391445948	2.7376057841809064e-05	-0.23462715659572078	-2.7376057841809064e-05	1.000057391445948	-0.057210842391270694
21.674394607543945	1.000071827823331	6.396555727644255e-05	-0.1815849708164302	-6.396555727644255e-05	1.000071827823331	0.0075680420403323664
19.120454788208008	0.9999552311172774	-9.128635362112519e-05	0.09424248748949936	9.128635362112519e-05	0.9999552311172774	-0.04859333486448608
19.157886505126953	1.0000147033717377	-8.581294903173378e-05	-0.0517829560049298	8.581294903173378e-05	1.0000147033717377	-0.09822321775414494
19.27042007446289	1.0000322836376332	5.439368942514968e-05	-0.10564847487533299	-5.439368942514968e-05	1.0000322836376332	-0.031246580866803503
20.32160758972168	1.0000030612048323	5.061291274528792e-05	0.2762472034514017	-5.061291274528792e-05	1.0000030612048323	-0.010210835972054327
19.652843475341797	0.999945652941934	-2.478733438399038e-05	0.39698348773945863	2.478733438399038e-05	0.999945652941934	-0.03068568068047134
19.612550735473633	0.9999433769327065	-5.187206873636242e-05	0.2973147728621838	5.187206873636242e-05	0.9999433769327065	-0.03465098070920325
19.048690795898438	1.0000459427174615	2.046807627129774e-05	-0.08925473612339563	-2.046807627129774e-05	1.0000459427174615	-0.005552374535820064
19.078969955444336	0.9999678814229158	9.914078069001914e-05	-0.053516193482685596	-9.914078069001914e-05	0.9999678814229158	0.04094247511227413
26.362895965576172	1.0001266558895132	9.080725545733141e-05	-0.5410074296564084	-9.080725545733141e-05	1.0001266558895132	-0.03974082376286729
19.597768783569336	0.9999686308913075	0.0001641429391347122	-0.039668346344078	-0.0001641429391347122	0.9999686308913075	0.15778687382011128
18.688201904296875	0.9999771824378563	5.4599275530432715e-05	0.03404229838208554	-5.4599275530432715e-05	0.9999771824378563	0.04901830269620366
18.709182739257812	0.9999921595771899	0.00011196629905513468	0.014940221699596665	-0.00011196629905513468	0.9999921595771899	0.078991188176639
18.899202346801758	1.000003830762301	0.00014689501995759604	0.025147009979999198	-0.00014689501995759604	1.000003830762301	0.08865079088504321
19.719839096069336	0.9999766981176023	6.103222533815472e-05	0.3702454071567806	-6.103222533815472e-05	0.9999766981176023	0.021829458506105154
19.725799560546875	0.999972550957707	2.1598062475301468e-05	0.3692875047885965	-2.1598062475301468e-05	0.999972550957707	0.025978168636818122
18.93782615661621	0.999989477137691	-8.045781973328527e-05	-0.024691254798920426	8.045781973328527e-05	0.999989477137691	-0.07857834927120774
20.0042724609375	1.0000898471572828	-4.579607577303218e-06	-0.5740223352784021	4.579607577303218e-06	1.0000898471572828	-0.08132476966937352
22.777795791625977	1.000124196848705	-3.6916280572426055e-05	-0.6067669691158498	3.6916280572426055e-05	1.000124196848705	-0.11616949938013434
19.892454147338867	1.0000425812901963	-4.2551694264174355e-05	-0.46200554578024106	4.2551694264174355e-05	1.0000425812901963	0.01493829686260742
19.62113380432129	0.9999516347349988	-8.848762502014768e-05	-0.23722337096897572	8.848762502014768e-05	0.9999516347349988	-0.01911448505393997
19.841909408569336	1.000083726401748	8.31611541807283e-05	-0.45331712030475896	-8.31611541807283e-05	1.000083726401748	-0.010183964178958872
18.747806549072266	1.0000024496310924	1.9074521569138614e-05	-0.007597254854536451	-1.9074521569138614e-05	1.0000024496310924	0.015073771269072321
18.95284652709961	0.9999784056488474	1.9077499134339214e-05	0.1069189306232352	-1.9077499134339214e-05	0.9999784056488474	0.03199012272080465
19.839763641357422	0.9999270852298737	-6.107296036713666e-05	0.3708060522521954	6.107296036713666e-05	0.9999270852298737	0.03574313891068698
19.05679702758789	0.9999913934593798	-2.000843853963576e-05	0.03994318542092315	2.000843853963576e-05	0.9999913934593798	-0.0010076753477877842
18.676042556762695	1.0000091571443015	1.808494483364093e-05	-0.014016034291263524	-1.808494483364093e-05	1.0000091571443015	0.007364725996914068
19.042015075683594	0.9999647302468292	4.7945217056435735e-05	0.0358828124498493	-4.7945217056435735e-05	0.9999647302468292	0.04739710157676334
18.988847732543945	1.0000069143851373	4.084884070413717e-05	-0.03842660167406035	-4.084884070413717e-05	1.0000069143851373	0.03663530124686625
18.816232681274414	0.9999800656577928	6.534762118469656e-05	-0.01617369490724321	-6.534762118469656e-05	0.9999800656577928	0.05385089092565761
19.080162048339844	1.0000442285040234	4.116410773926393e-05	-0.09329361849112189	-4.116410773926393e-05	1.0000442285040234	-0.0027283652729246416
18.945693969726562	0.9999831410022689	5.3055061406818445e-05	0.02326411761931224	-5.3055061406818445e-05	0.9999831410022689	0.04324589904363029
21.27671241760254	0.9999816503941247	3.6559880574796023e-05	0.038265730332597746	-3.6559880574796023e-05	0.9999816503941247	0.03843848648542933
18.49651336669922	0.9999934671036239	2.1293098719003818e-05	0.005891012851311776	-2.1293098719003818e-05	0.9999934671036239	0.017668225872867135
19.0279483795166	1.0000290752233598	5.825819161140312e-05	-0.03578962585875489	-5.825819161140312e-05	1.0000290752233598	0.03009834449845935
18.72706413269043	0.9999911226499703	2.788412307066126e-05	0.06231813538973065	-2.788412307066126e-05	0.9999911226499703	0.026647312067107666
19.14834976196289	0.9999845713242589	1.9779342652874043e-05	0.13882536063489945	-1.9779342652874043e-05	0.9999845713242589	0.016180846569803665
18.741369247436523	0.9999895133110832	-4.551522529219409e-06	0.0111517599170942	4.551522529219409e-06	0.9999895133110832	-0.0057520642918797455
22.093534469604492	1.0000004711018942	0.00014183557893195862	0.19993681275019853	-0.00014183557893195862	1.0000004711018942	0.09987866704130519
19.742250442504883	0.9999671820260965	2.0447482781452378e-05	0.39917495986838136	-2.0447482781452378e-05	0.9999671820260965	0.007431391691692899
19.562244415283203	0.9999582162717581	5.568714815020446e-06	0.2758761546203937	-5.568714815020446e-06	0.9999582162717581	0.011331927709210082
22.535324096679688	0.9999029015113893	-9.628924328944374e-05	0.4251129411280897	9.628924328944374e-05	0.9999029015113893	-0.046635009216026924
19.02151107788086	1.0000353865357587	-0.0001347314501986491	-0.04559530289341889	0.0001347314501986491	1.0000353865357587	-0.10175335530793983
19.58918571472168	1.000042340479722	7.92195105017798e-05	-0.282884533348842	-7.92195105017798e-05	1.000042340479722	0.07082471983146002
18.959522247314453	0.999977426400041	0.0001691908859519206	-0.010829666792633585	-0.0001691908859519206	0.999977426400041	0.14856197525320422
21.41118049621582	0.9999872795527518	7.728699034226778e-05	0.011176279093165667	-7.728699034226778e-05	0.9999872795527518	0.061631966794890775
18.89514923095703	0.9999895954065209	0.00011955618707082993	0.0032695149057763717	-0.00011955618707082993	0.9999895954065209	0.09905389238817999
20.61772346496582	0.9999528025377439	0.00011359048285831944	0.28392965699504663	-0.00011359048285831944	0.9999528025377439	0.13430660931883104
19.220352172851562	0.9999813348688682	6.14711286985493e-05	0.022969498231108842	-6.14711286985493e-05	0.9999813348688682	0.11155415858001295
18.959760665893555	1.0000055675190598	6.576830051151981e-05	-0.017286390656464548	-6.576830051151981e-05	1.0000055675190598	0.10323338995839462
18.77737045288086	1.0000263084907415	5.411919378271858e-05	-0.03183806272030086	-5.411919378271858e-05	1.0000263084907415	0.060431255385577275
19.690990447998047	1.0000421810473021	0.00011926822932705723	-0.3283395740651527	-0.00011926822932705723	1.0000421810473021	0.14694012737249415
19.28853988647461	1.0000198946853136	0.00016498707795853263	-0.125590903082804	-0.00016498707795853263	1.0000198946853136	0.1598025312137239
18.623828887939453	0.9999912444794218	5.555338159239704e-05	0.008091291530003522	-5.555338159239704e-05	0.9999912444794218	0.051340541364006405
21.47531509399414	1.000046344282446	4.2133257307912456e-05	-0.046633048278982	-4.2133257307912456e-05	1.000046344282446	0.027831191568608603
19.613265991210938	1.0000236465924655	0.0001663682694194444	0.2564318609293593	-0.0001663682694194444	1.0000236465924655	0.1499974168466764
19.884824752807617	0.9998958083920367	6.566692234797887e-05	0.48128647064181795	-6.566692234797887e-05	0.9998958083920367	0.08727231498476001
19.893169403076172	0.9999713226947587	-8.815455139512716e-05	0.4106562080585648	8.815455139512716e-05	0.9999713226947587	-0.05729085965076101
18.840312957763672	0.9999916525934154	3.526037294953075e-05	0.0242280533453631	-3.526037294953075e-05	0.9999916525934154	0.028254944236588253
19.44875717163086	1.0000218642951806	-4.3967641104174076e-05	-0.2164541082194471	4.3967641104174076e-05	1.0000218642951806	-0.0357942343245831
19.63520050048828	1.000002263707178	8.689950492336445e-06	-0.279480007997111	-8.689950492336445e-06	1.000002263707178	-0.015111529501164624
19.656658172607422	1.0000299701083206	-2.841580604319059e-05	-0.26062588751956445	2.841580604319059e-05	1.0000299701083206	-0.06335247694643781
19.277572631835938	1.0000456201916674	7.165640436982869e-06	-0.15928057130942969	-7.165640436982869e-06	1.0000456201916674	0.014129408895590022
19.771575927734375	0.9998989122845332	2.8390530651285618e-06	0.3738062051427024	-2.8390530651285618e-06	0.9998989122845332	0.022084030656533152
19.18792724609375	0.9999910130532347	2.6228316574152757e-05	0.04674885137889856	-2.6228316574152757e-05	0.9999910130532347	0.017164886766497342
18.52869987487793	0.9999919990653756	4.4811435329808566e-05	0.011164612685663048	-4.4811435329808566e-05	0.9999919990653756	0.03540820940848886
18.8906192779541	0.9999874783219658	1.7661404351926053e-05	0.0288909561048186	-1.7661404351926053e-05	0.9999874783219658	0.019531729815506767
19.086837768554688	1.00000308372106	5.2899319875317094e-05	-0.03750281751028948	-5.2899319875317094e-05	1.00000308372106	0.07030042723699552
22.349119186401367	0.999981548937332	4.534332095647358e-05	-0.0013375330364687012	-4.534332095647358e-05	0.999981548937332	0.052277465644943184
18.90110969543457	1.0000314954756142	8.705448351222644e-05	-0.04606179628984406	-8.705448351222644e-05	1.0000314954756142	0.040261564459272696
19.55389976501465	1.0000178341328942	0.00027015620043547976	0.11117092629777288	-0.00027015620043547976	1.0000178341328942	0.18934914205821163
20.096302032470703	0.9999193140338948	0.00011156688038627135	0.5629314624595796	-0.00011156688038627135	0.9999193140338948	0.09295868340273243
19.44899559020996	0.9999426254112954	1.956798484981458e-05	0.1046496063109965	-1.956798484981458e-05	0.9999426254112954	0.058994278835180526
18.80645751953125	1.0000147876206427	3.453133123983373e-05	-0.02969893137389549	-3.453133123983373e-05	1.0000147876206427	0.02680973249868953
19.131183624267578	1.0000574237222213	4.060229416728038e-05	-0.1221237824066694	-4.060229416728038e-05	1.0000574237222213	0.03162434428447939
19.275903701782227	1.000039916656998	0.00013381608506373924	-0.15920941947741105	-0.00013381608506373924	1.000039916656998	0.1328943107016576
18.99433135986328	1.0000358903672544	7.273419555059908e-05	-0.03891821299772716	-7.273419555059908e-05	1.0000358903672544	0.06650153979719681
21.38042449951172	1.0000169856416763	5.915734266458158e-05	-0.048216516276210514	-5.915734266458158e-05	1.0000169856416763	0.05019269247635325
19.110679626464844	1.0000003045250219	7.326219490207273e-05	0.0438603173167105	-7.326219490207273e-05	1.0000003045250219	0.05014573377778205
19.9127197265625	0.9999790745762611	5.6690600690236655e-05	0.39725959454792215	-5.6690600690236655e-05	0.9999790745762611	0.008220779265307879
19.783973693847656	0.9999056840433315	5.74264200566524e-05	0.36793953647068073	-5.74264200566524e-05	0.9999056840433315	0.03767715693109672
19.01555061340332	1.0000077278079362	-8.375392724182951e-05	-0.01080647941174534	8.375392724182951e-05	1.0000077278079362	-0.08649816106607827
19.69313621520996	1.000058852439635	-0.00012647437232109443	-0.28627125165511097	0.00012647437232109443	1.000058852439635	-0.13489418271789852
19.92964744567871	1.0000733937622779	-3.66496863986517e-05	-0.4635106818798243	3.66496863986517e-05	1.0000733937622779	-0.046680408466149334
21.153926849365234	1.000043750081286	8.079317487917178e-05	-0.16900811813393088	-8.079317487917178e-05	1.000043750081286	0.016694979141141
19.006729125976562	1.0000057468250896	6.877292489714375e-05	-0.010875190709359453	-6.877292489714375e-05	1.0000057468250896	0.0379518400762176
20.377635955810547	1.0000137007017895	2.8821559318947878e-05	-0.016000838980497093	-2.8821559318947878e-05	1.0000137007017895	0.008861369811806743
19.224882125854492	0.9999871882593341	9.422236681321237e-05	0.11293832967517985	-9.422236681321237e-05	0.9999871882593341	0.051793475607503026
19.782304763793945	0.9999278160591794	-1.956825510873204e-06	0.359092429742226	1.956825510873204e-06	0.9999278160591794	-0.0212759130707436
19.283533096313477	1.0000590971989947	-1.5514009174754253e-05	-0.14249104914715252	1.5514009174754253e-05	1.0000590971989947	-0.06643101584533263
19.648313522338867	1.0000376910467905	2.3500624412309363e-05	-0.30974804566407177	-2.3500624412309363e-05	1.0000376910467905	-0.04986423795762118
19.62113380432129	0.999987360756957	8.124666097585704e-06	-0.21871225487158547	-8.124666097585704e-06	0.999987360756957	-0.05311161148388921
21.810531616210938	1.00005813370409	2.8173063144746115e-05	-0.27152079199997653	-2.8173063144746115e-05	1.00005813370409	-0.004216599899163747
19.59538459777832	0.9999396228989826	0.00011706707562415549	0.2833322413781429	-0.00011706707562415549	0.9999396228989826	0.09712939327385514
20.161151885986328	1.0000183638691091	0.0001743277048983651	0.3452134967838739	-0.0001743277048983651	1.0000183638691091	0.07716822057350463
19.98615264892578	0.9999157458831236	0.00017414572716748102	0.44307526174051	-0.00017414572716748102	0.9999157458831236	0.13282878443616586
22.380590438842773	0.9999139964784234	0.00013312786493190643	0.36344666175367935	-0.00013312786493190643	0.9999139964784234	0.1569190136668974
19.288063049316406	1.000078550421218	-2.9186048155095818e-05	-0.14457010671310402	2.9186048155095818e-05	1.000078550421218	-0.03267244041078188
19.23990249633789	1.0000304424192143	3.483628531136134e-05	-0.07330782786332281	-3.483628531136134e-05	1.0000304424192143	0.019786594093018292
19.811391830444336	1.000102074951153	-7.517674946098181e-05	-0.3798434150876515	7.517674946098181e-05	1.000102074951153	-0.07350641784565697
21.95119857788086	1.0000978659465671	-2.280983519753843e-05	-0.43831850496536434	2.280983519753843e-05	1.0000978659465671	-0.03881151167608538
19.307374954223633	1.0000425837941609	1.6217871936720225e-05	-0.025255356601620815	-1.6217871936720225e-05	1.0000425837941609	0.013379738251761836
19.408226013183594	1.0000375807657138	-1.7682470586734698e-05	-0.05174011240332291	1.7682470586734698e-05	1.0000375807657138	-0.027542037450722093
19.05965805053711	1.0000352392581457	7.567583015171504e-07	-0.08662820006651233	-7.567583015171504e-07	1.0000352392581457	-0.024954036392754786
19.35267448425293	1.000069981986163	1.5188472923935826e-05	-0.18883002370923702	-1.5188472923935826e-05	1.000069981986163	-0.04151212517655274
19.56796646118164	1.0000420450405556	4.5125173911688984e-05	-0.25930222415988735	-4.5125173911688984e-05	1.0000420450405556	0.02772694041633341
19.8061466217041	1.0000572670851027	4.988674814349666e-05	-0.33614640817932284	-4.988674814349666e-05	1.0000572670851027	0.016057763790289226
19.67167854309082	1.0000464147104153	4.549470493023078e-05	-0.26971369394633365	-4.549470493023078e-05	1.0000464147104153	0.035631831834374406
19.755125045776367	1.0000280019343455	6.974529004193274e-06	-0.30351957539063584	-6.974529004193274e-06	1.0000280019343455	0.03151800213942861
24.43861961364746	1.000072900810577	3.7682591248106676e-05	-0.4600346785521667	-3.7682591248106676e-05	1.000072900810577	0.04278631584961809
19.81520652770996	1.0000358096201747	-2.2295263663768033e-05	-0.30896544503890877	2.2295263663768033e-05	1.0000358096201747	-0.003941114956129737
19.768714904785156	1.0000142717778835	8.266217070982103e-06	-0.33234814626041337	-8.266217070982103e-06	1.0000142717778835	0.022786740302079403
19.86098289489746	1.0000727848164697	2.5704886055610007e-05	-0.39226863184667116	-2.5704886055610007e-05	1.0000727848164697	0.03190917482299864
19.06108856201172	1.0000413344198438	8.494575333049107e-05	-0.01275824759132288	-8.494575333049107e-05	1.0000413344198438	0.07952772359768366
19.809961318969727	1.000004027335639	8.943971321395742e-05	0.26680035994105233	-8.943971321395742e-05	1.000004027335639	0.14701266026652093
19.977807998657227	0.9999783213104344	-8.295271572396907e-05	0.4073303075396563	8.295271572396907e-05	0.9999783213104344	-0.011899645441644013
18.873929977416992	1.000009626539983	4.222221904382317e-05	0.014175056116730554	-4.222221904382317e-05	1.000009626539983	0.02643797615638111
18.91350746154785	1.0000598214231453	2.364737151578601e-05	-0.07371542986222424	-2.364737151578601e-05	1.0000598214231453	-0.0003866535207364728
21.343231201171875	1.0000489143838869	2.4248782264611746e-07	-0.07083914068033295	-2.4248782264611746e-07	1.0000489143838869	-0.01623071944156032
19.3328857421875	0.9999556319605722	0.00013461567084717527	0.12478778910848969	-0.00013461567084717527	0.9999556319605722	0.10360984062658726
19.734621047973633	1.0000132741660677	4.1066412738568234e-05	0.2726977611776352	-4.1066412738568234e-05	1.0000132741660677	0.011916132187458864
19.801616668701172	0.9999789988752785	7.09371522489437e-05	0.36392553744659184	-7.09371522489437e-05	0.9999789988752785	0.07090646133050985
19.878387451171875	0.9999744452756482	2.660099072730801e-05	0.35833704089385265	-2.660099072730801e-05	0.9999744452756482	0.007519542805630178
19.11306381225586	1.000020072266208	3.817503640004062e-05	0.04259965130252732	-3.817503640004062e-05	1.000020072266208	0.028440361500400496
19.429445266723633	0.9999809732952655	-6.061870943534612e-06	0.12569746281609598	6.061870943534612e-06	0.9999809732952655	0.01793797607059812
19.840002059936523	1.0000760486460782	-2.6495430279195398e-05	-0.39861453758496923	2.6495430279195398e-05	1.0000760486460782	-0.05744441365103644
19.31595802307129	0.999993832086356	7.463234941994704e-05	-0.036944438364840806	-7.463234941994704e-05	0.999993832086356	0.07002736738077546
25.468111038208008	1.0000325797569092	0.00010650106887292047	-0.019348762524047894	-0.00010650106887292047	1.0000325797569092	0.08973107287052737
19.246339797973633	1.0000077059700923	0.0001267561947656745	-0.02680113163090636	-0.0001267561947656745	1.0000077059700923	0.07333605886684508
19.518375396728516	1.000103691983751	0.00010831894109970243	-0.23047855540215484	-0.00010831894109970243	1.000103691983751	-0.016237160498995762
19.508838653564453	1.000072051964239	0.0001673359080793749	-0.1107085292655	-0.0001673359080793749	1.000072051964239	0.09865236443425804
19.495487213134766	0.999990982224619	0.00013351221591610866	0.11497658881743442	-0.00013351221591610866	0.999990982224619	0.16188857582188412
19.749164581298828	1.000027458415371	3.5592825264236235e-05	-0.21667280011072532	-3.5592825264236235e-05	1.000027458415371	0.08430765535170219
19.56033706665039	1.0000252131429261	3.821902594083382e-05	-0.14247188514285355	-3.821902594083382e-05	1.0000252131429261	0.08576677917770104
20.112276077270508	1.0000366123417797	5.136117121176285e-05	-0.5122497072683787	-5.136117121176285e-05	1.0000366123417797	0.0695441036239357
20.092248916625977	1.0000486783935905	4.121329901454538e-05	-0.5160961592038543	-4.121329901454538e-05	1.0000486783935905	0.031438881353830286
19.927978515625	1.0000675820039981	7.711253654756671e-05	-0.2735619236677022	-7.711253654756671e-05	1.0000675820039981	0.04799833259592946
19.527912139892578	1.0000229417688464	8.818790979065376e-05	-0.08794589758148004	-8.818790979065376e-05	1.0000229417688464	0.061579113837310316
21.822214126586914	1.0000111976864339	0.00013712374791664396	-0.004173023885545524	-0.00013712374791664396	1.0000111976864339	0.10526824014447125
20.006418228149414	0.999989720785219	7.198671193413727e-05	0.08447991508403928	-7.198671193413727e-05	0.999989720785219	0.05017636579574271
19.10233497619629	1.0000106381232265	9.45699952710669e-05	0.015479297167940335	-9.45699952710669e-05	1.0000106381232265	0.07311155987117268
19.520044326782227	1.0000512361184484	6.02010122892765e-05	-0.1550910320626559	-6.02010122892765e-05	1.0000512361184484	0.06831260666489512
19.42896842956543	1.0000424262694891	6.632349304009982e-05	-0.13893321574166234	-6.632349304009982e-05	1.0000424262694891	0.06965809528029498
19.127607345581055	1.000007207567877	6.856971388154268e-05	-0.026053911932873625	-6.856971388154268e-05	1.000007207567877	0.05007689483478628
19.292116165161133	1.0000580610594507	0.00013524333043227242	0.011036869529910962	-0.00013524333043227242	1.0000580610594507	0.0788422680395144
19.91128921508789	0.9999169371124257	7.868649067554177e-05	0.37769354145597644	-7.868649067554177e-05	0.9999169371124257	0.10807677317748465
20.099163055419922	0.9999529066965046	-5.705081333923971e-05	0.3853996322642371	5.705081333923971e-05	0.9999529066965046	0.0666555045655306
25.189638137817383	1.0000300202171402	-2.838557608722879e-05	-0.009879904244285389	2.838557608722879e-05	1.0000300202171402	0.007937560710866568
19.785165786743164	1.0000548833386067	-3.6065407846938554e-07	-0.3196862493881956	3.6065407846938554e-07	1.0000548833386067	-0.02193824956331038
19.546031951904297	1.0000764030132392	1.187042960380146e-05	-0.04342969163263677	-1.187042960380146e-05	1.0000764030132392	-0.04220366849165624
19.71578598022461	0.9999766725291235	-2.354309162318378e-05	0.10287678481944508	2.354309162318378e-05	0.9999766725291235	0.05296382560057455
19.454002380371094	1.0000225988321134	-1.189239795625738e-05	0.06436023363200706	1.189239795625738e-05	1.0000225988321134	0.011006939636457644
19.18506622314453	1.0000599565938486	3.4810545569319905e-05	-0.049341637697741705	-3.4810545569319905e-05	1.0000599565938486	0.009252663516442078
19.359827041625977	1.0000396706628314	6.136760766729101e-05	-0.0064777756900259754	-6.136760766729101e-05	1.0000396706628314	0.03003802583615573
19.85764503479004	0.9999821125317662	5.453486552039338e-05	0.30531006453768494	-5.453486552039338e-05	0.9999821125317662	0.032299554945697195
19.634008407592773	1.0000617104780236	-9.280985843098955e-05	0.0979838840743924	9.280985843098955e-05	1.0000617104780236	-0.07758769788551001
19.957542419433594	1.0000718710696312	-1.7063579515487775e-05	-0.4246293720705433	1.7063579515487775e-05	1.0000718710696312	0.00347129922497006
21.58212661743164	1.0000986866729389	5.502546114232948e-05	-0.5077573236653097	-5.502546114232948e-05	1.0000986866729389	0.002021069295893653
22.30238914489746	1.0001023690778927	7.375260803083016e-05	-0.43298559480458865	-7.375260803083016e-05	1.0001023690778927	0.04268703441746875
23.53215217590332	1.0000549834580252	0.00013688583946561855	-0.3707307407658182	-0.00013688583946561855	1.0000549834580252	0.1360114413260065
19.896268844604492	1.000055283144921	0.00013891847083884383	-0.3594824635005576	-0.00013891847083884383	1.000055283144921	0.11241929731292917
19.253015518188477	1.000045955697417	8.310403340332716e-05	-0.03491663926739197	-8.310403340332716e-05	1.000045955697417	0.064285777742224
19.804954528808594	0.9999746324738717	0.00021450408746725655	0.24510581001112713	-0.00021450408746725655	0.9999746324738717	0.2095588927683796
20.336151123046875	0.9999532718100725	8.331250779808469e-05	0.581877406100114	-8.331250779808469e-05	0.9999532718100725	0.09218781644117927
19.742250442504883	1.0000053331417553	4.515182340368692e-05	0.12640871129500392	-4.515182340368692e-05	1.0000053331417553	0.03353883830889093
19.382715225219727	1.000024193596412	4.724224474571087e-06	-0.03145392471301216	-4.724224474571087e-06	1.000024193596412	-0.02816954443140187
20.034074783325195	1.000126435898453	3.7308152599019246e-05	-0.4578478367738805	-3.7308152599019246e-05	1.000126435898453	-0.08751275955963025
22.775888442993164	1.000000174266481	0.00012925306422727168	-0.09140226895503986	-0.00012925306422727168	1.000000174266481	0.08527830758332663
19.377946853637695	0.9999910262752473	0.00017114635645497177	-0.005116398271168075	-0.00017114635645497177	0.9999910262752473	0.11943379354789305
19.359111785888672	1.0000228324953033	0.000154661073307212	-0.06041620301288583	-0.000154661073307212	1.0000228324953033	0.09548137839136003
19.17123794555664	1.0000807241631862	0.00012568729990286006	-0.06827903695217968	-0.00012568729990286006	1.0000807241631862	0.07026038557435524
19.218921661376953	1.000022152778	2.7900373152553423e-05	0.015089712935456632	-2.7900373152553423e-05	1.000022152778	0.01707159516275314
19.841909408569336	1.000067961210333	-6.837614676411159e-06	0.22228972758301807	6.837614676411159e-06	1.000067961210333	-0.04286390211558136
19.524335861206055	1.000034630236844	1.7465472534836926e-05	0.0980828236054841	-1.7465472534836926e-05	1.000034630236844	-0.012015356493468132
19.334077835083008	1.0000536669209072	6.179108959402522e-05	0.0031682865401779004	-6.179108959402522e-05	1.0000536669209072	-0.0007192819647863618
19.40631866455078	1.0000805397465864	4.0749329520852146e-05	-0.01115641669362634	-4.0749329520852146e-05	1.0000805397465864	-0.008264667727037128
20.80845832824707	1.0000995453154689	1.1961844749958138e-05	-0.07977666415172402	-1.1961844749958138e-05	1.0000995453154689	-0.013533467514923764
19.574880599975586	1.000146017115808	0.00016164737406150438	-0.20648177232016277	-0.00016164737406150438	1.000146017115808	-0.016712499929309302
19.568443298339844	1.0001152036106733	0.00013589089358497587	-0.18035137958740116	-0.00013589089358497587	1.0001152036106733	-0.028468699243682512
20.016908645629883	1.0000368799689405	7.850964231300352e-05	0.32072593733661925	-7.850964231300352e-05	1.0000368799689405	0.05287346421853303
20.128250122070312	1.0000188503012843	-1.8076607976483063e-05	0.33863890759679893	1.8076607976483063e-05	1.0000188503012843	-0.01310439860744896
19.34218406677246	1.000101051439859	-5.066917085488374e-05	-0.13740285521387047	5.066917085488374e-05	1.000101051439859	-0.05973659168014764
19.891023635864258	1.0001211119221742	5.435537172526983e-05	-0.4740271715020602	-5.435537172526983e-05	1.0001211119221742	0.003125209628671799
20.11418342590332	1.0000934433827027	2.4919453210162632e-05	-0.5742942628641532	-2.4919453210162632e-05	1.0000934433827027	-0.07594337368173076
22.42136001586914	1.000098632031148	0.00010597662228891907	-0.49398764398837725	-0.00010597662228891907	1.000098632031148	0.025488419151310573
19.409894943237305	1.0000146838417086	7.328545732492308e-05	0.05273525483253255	-7.328545732492308e-05	1.0000146838417086	0.04156448393805412
19.6225643157959	1.000060640866339	0.00013918836585683422	0.08574605766671492	-0.00013918836585683422	1.000060640866339	0.08689295591403151
19.466400146484375	1.0000108783759596	0.00013507681656180836	0.11719603673903135	-0.00013507681656180836	1.0000108783759596	0.09825141357519769
19.457340240478516	1.0000994276468842	8.495066507491152e-05	0.018964372307501507	-8.495066507491152e-05	1.0000994276468842	0.0011481294762605053
19.028902053833008	1.000072215707772	7.891594559207496e-05	-0.03361892416918308	-7.891594559207496e-05	1.000072215707772	0.04230210660833909
19.07515525817871	1.0000535123732313	3.265533986072039e-05	-0.03363829700677534	-3.265533986072039e-05	1.0000535123732313	0.018217951733023163
19.967317581176758	1.0001312065254235	5.820366066236857e-05	-0.3723984307580929	-5.820366066236857e-05	1.0001312065254235	-0.00725524920220237
19.8211669921875	1.0001157393445639	3.399120228606044e-05	-0.30387732808325785	-3.399120228606044e-05	1.0001157393445639	-0.012977516195288086
23.39911460876465	1.0001058798666242	5.130270147712427e-06	-0.18558564106388742	-5.130270147712427e-06	1.0001058798666242	0.018814677748798848
19.457340240478516	0.9999363503860892	7.473126033788821e-05	0.1116886704919681	-7.473126033788821e-05	0.9999363503860892	0.12144116508192422
19.512653350830078	0.9999916591210949	-3.7740678818970382e-06	0.08687624696617027	3.7740678818970382e-06	0.9999916591210949	0.008777814262319305
20.501375198364258	1.000126555162492	9.049144651059613e-05	-0.23461124578642006	-9.049144651059613e-05	1.000126555162492	0.07671625082633493
19.922733306884766	0.9999618750371133	-1.4495784758383876e-05	0.2065208811551083	1.4495784758383876e-05	0.9999618750371133	0.028794479676830353
20.006895065307617	0.9999392181728055	-1.855983980291739e-05	0.3563560231743494	1.855983980291739e-05	0.9999392181728055	0.12399989393349373
20.06983757019043	0.9999416333599919	-1.7218431902023708e-05	0.33975231302401854	1.7218431902023708e-05	0.9999416333599919	0.12119821677129869
19.533872604370117	0.9999592429931101	-1.8083348568869596e-05	0.072064034344862	1.8083348568869596e-05	0.9999592429931101	0.04155618129951141
19.41204071044922	0.9999847750219788	-1.34751042372171e-05	0.04682529954964053	1.34751042372171e-05	0.9999847750219788	0.03234209762270651
22.765636444091797	0.9999829751756308	-1.2856525653008886e-05	0.04561217300985604	1.2856525653008886e-05	0.9999829751756308	0.030196234097299546
20.164012908935547	1.0002004847163477	5.6779940223125884e-05	-0.6330485752097542	-5.6779940223125884e-05	1.0002004847163477	-0.1252228154242753
19.443273544311523	1.0000301997677696	8.040780011555281e-05	-0.04041306358043184	-8.040780011555281e-05	1.0000301997677696	0.04254274049197648
20.07269859313965	0.9999631323539706	0.00011359887094442077	0.4174834438564387	-0.00011359887094442077	0.9999631323539706	0.11485380482613099
20.758390426635742	0.9998781641473237	1.0110062090288944e-05	0.8161040946467626	-1.0110062090288944e-05	0.9998781641473237	0.17530710745910133
20.255088806152344	1.0000282550604775	3.411726759281937e-05	0.5103714147751564	-3.411726759281937e-05	1.0000282550604775	0.016952504996412713
20.071029663085938	0.9999400802228677	0.00013680949669649245	0.16600345047005208	-0.00013680949669649245	0.9999400802228677	0.13327756703725752
19.27804946899414	1.0000039962360228	0.00011153721466688363	0.028528989034792365	-0.00011153721466688363	1.0000039962360228	0.0960069971215826
19.165992736816406	1.0000113996121627	5.3077174491144576e-05	-0.031134143247079048	-5.3077174491144576e-05	1.0000113996121627	0.04578379223465526
19.474506378173828	1.0000126673918512	9.385160765067672e-05	-0.14418149210289083	-9.385160765067672e-05	1.0000126673918512	0.09304901247844367
19.507408142089844	1.0000112748148715	9.622767886639279e-05	-0.2146379397486663	-9.622767886639279e-05	1.0000112748148715	0.10548486310187948
19.32692527770996	1.0000477116531417	0.00010335643161351932	-0.10223156892390389	-0.00010335643161351932	1.0000477116531417	0.07091356294739032
19.510507583618164	0.9999985493658802	0.00018374288459828612	-0.10343137592011137	-0.00018374288459828612	0.9999985493658802	0.15849306110635744
19.063949584960938	1.0000276750814212	2.9923059772002307e-05	-0.014815854948388166	-2.9923059772002307e-05	1.0000276750814212	0.011410070054589726
23.544788360595703	1.0000003277556726	3.625604652826788e-05	-0.1726374662048756	-3.625604652826788e-05	1.0000003277556726	0.00544004844210435
19.888639450073242	1.0002042508969196	6.451165326752884e-05	-0.48374282636364524	-6.451165326752884e-05	1.0002042508969196	-0.009254124699100676
24.032115936279297	1.0000518084123597	0.00018941604602358442	-0.40515924635929246	-0.00018941604602358442	1.0000518084123597	0.13666542036628868
19.339799880981445	1.0000490216202533	0.00015648207010809416	-0.1249601922741361	-0.00015648207010809416	1.0000490216202533	0.10360343746834305
19.829511642456055	0.9999097056485093	0.000152186450403191	0.33611873004765047	-0.000152186450403191	0.9999097056485093	0.13112223781716975
19.442319869995117	1.0000380239539683	6.710075480444513e-05	0.13073149383475235	-6.710075480444513e-05	1.0000380239539683	0.0010160052499301742
19.59228515625	0.9999922091456653	1.8382963439776615e-05	0.17736259976216887	-1.8382963439776615e-05	0.9999922091456653	0.00909400693192822
19.19388771057129	1.0000349291706718	-8.983040271228093e-05	0.06788711967250233	8.983040271228093e-05	1.0000349291706718	-0.08824615096106847
19.881486892700195	1.000064337279315	-0.0001511257590606112	-0.3813394905885912	0.0001511257590606112	1.000064337279315	-0.11164033160509887
22.230863571166992	1.0000729056169688	6.376821830556835e-06	-0.360920758384123	-6.376821830556835e-06	1.0000729056169688	-0.024197067719363252
19.118547439575195	1.0000144979005763	4.0438658076362685e-05	-0.01808192101110857	-4.0438658076362685e-05	1.0000144979005763	0.030265139813620327
19.351959228515625	1.00001958470359	0.0001554587657126244	0.07581536811785304	-0.0001554587657126244	1.00001958470359	0.1335600771468524
19.863367080688477	0.9999331918136285	4.489616884182253e-05	0.3965694688364945	-4.489616884182253e-05	0.9999331918136285	0.08450937380536712
19.12546157836914	1.000071413609002	2.795422040028534e-05	-0.013261466999927057	-2.795422040028534e-05	1.000071413609002	-0.0003058086798371877
19.15454864501953	0.9999960366722586	7.15501134574e-05	0.013310137310309618	-7.15501134574e-05	0.9999960366722586	0.05758460625225891
19.403934478759766	1.0000780260424647	0.0001122640425482351	0.10771027742482263	-0.0001122640425482351	1.0000780260424647	0.02835865065032213
19.113540649414062	0.9999650769403488	3.676675271308172e-05	0.06640247777793103	-3.676675271308172e-05	0.9999650769403488	0.028486720779468833
18.714189529418945	1.0000388986448299	1.5857300097906222e-05	-0.03428217048891426	-1.5857300097906222e-05	1.0000388986448299	0.0012376870402275447
19.21558380126953	1.0000403582727366	6.351463297295934e-06	-0.11016851634099613	-6.351463297295934e-06	1.0000403582727366	-0.014872288961777447
19.94156837463379	1.0000577949788474	0.00015486570027253727	-0.473292858693667	-0.00015486570027253727	1.0000577949788474	0.08283163884670408
19.1190242767334	0.9999914700504767	5.535703300093408e-05	-0.05056927364175259	-5.535703300093408e-05	0.9999914700504767	0.050109351822382235
27.765274047851562	0.9999963415550301	5.61876973456792e-07	0.11683533756237885	-5.61876973456792e-07	0.9999963415550301	0.03610529769864484
19.387483596801758	1.0000443462796764	7.206463509127747e-05	-0.1265042548775802	-7.206463509127747e-05	1.0000443462796764	0.08566199477403325
19.349336624145508	1.0000735485588754	5.134075747284368e-05	-0.10116351686523982	-5.134075747284368e-05	1.0000735485588754	0.030348658309183943
19.515514373779297	1.0000282807729028	7.0137086938426635e-06	-0.11547899969202786	-7.0137086938426635e-06	1.0000282807729028	0.009367066638455643
19.559383392333984	1.0000933809168115	-9.281504599796268e-06	-0.18573746441169092	9.281504599796268e-06	1.0000933809168115	-0.01773366761748553
19.1037654876709	1.0000198015529542	4.903380573946419e-05	-0.04109636748505541	-4.903380573946419e-05	1.0000198015529542	0.04735854404193647
19.77705955505371	1.0000810529408333	0.00011503151816288218	-0.3374138236852057	-0.00011503151816288218	1.0000810529408333	0.062269451566388107
19.413232803344727	1.000013137151825	0.00023296881172728983	-0.1524174632749498	-0.00023296881172728983	1.000013137151825	0.18150299876356624
20.00594139099121	0.999964317346845	0.00013014800517965221	0.35828754030380566	-0.00013014800517965221	0.999964317346845	0.11385230049336524
22.62711524963379	0.9999497547743086	3.720814811077646e-05	0.46649078182360254	-3.720814811077646e-05	0.9999497547743086	0.04533400271193929
19.52672004699707	1.0000721217357793	2.363099483833198e-05	0.05707383240138719	-2.363099483833198e-05	1.0000721217357793	-0.010857291147947375
19.20175552368164	1.0000286053032523	-3.503760588066856e-05	-0.0356246750567958	3.503760588066856e-05	1.0000286053032523	-0.04109065878765239
19.95396614074707	1.0002007011557024	1.5770675169294787e-05	-0.5520525139971246	-1.5770675169294787e-05	1.0002007011557024	-0.14592252329074912
19.942045211791992	1.0000163489749738	6.782633301635018e-05	0.3012549375261205	-6.782633301635018e-05	1.0000163489749738	0.038605843868450285
20.073890686035156	0.9999617957247728	-2.9286018087006607e-05	0.3699628445326815	2.9286018087006607e-05	0.9999617957247728	-0.032362950949493596
19.730806350708008	1.0000112221115047	5.536785831218952e-05	0.1277171293059356	-5.536785831218952e-05	1.0000112221115047	0.040248354982546766
19.358396530151367	1.000017941404384	5.139920505396132e-05	0.10755836382654854	-5.139920505396132e-05	1.000017941404384	0.03377483475259624
19.225358963012695	0.9999804819796546	7.698565765445528e-05	0.07763460624405966	-7.698565765445528e-05	0.9999804819796546	0.070863317609353
21.92234992980957	1.0000295009782632	5.4930333830810886e-05	0.19723090875444632	-5.4930333830810886e-05	1.0000295009782632	0.05401274495010988
19.823312759399414	0.9999271500785354	0.00012931251396037995	0.3646215866308237	-0.00012931251396037995	0.9999271500785354	0.15357518611631232
19.410133361816406	1.0000626568261919	4.6446314046906294e-05	0.07724458483534066	-4.6446314046906294e-05	1.0000626568261919	-0.013495837955192316
19.149303436279297	1.0000130650822403	3.836407068310077e-05	-0.018439196662515374	-3.836407068310077e-05	1.0000130650822403	0.026898708317803374
18.975019454956055	1.000052310988509	1.641828395151541e-05	-0.04846061034382095	-1.641828395151541e-05	1.000052310988509	-0.0052468623016918865
18.832921981811523	1.000007657985734	3.823654214460343e-05	-0.007218863299614945	-3.823654214460343e-05	1.000007657985734	0.020040008933214448
19.704818725585938	1.0001312271133467	0.00014223907390511226	-0.3112322735998932	-0.00014223907390511226	1.0001312271133467	-0.0483063408547205
19.257307052612305	0.9999717977202801	0.00020024841836646914	0.08410551769287955	-0.00020024841836646914	0.9999717977202801	0.14892769771941816
19.657135009765625	1.000035588938893	7.324540315581176e-05	0.18145975190129837	-7.324540315581176e-05	1.000035588938893	0.011949314087123566
20.2786922454834	0.999921214657141	0.00012898919723572594	0.2593308782554989	-0.00012898919723572594	0.999921214657141	0.11465661745413042
19.17862892150879	1.0000039303168842	-4.469911141946871e-05	0.05230360219764252	4.469911141946871e-05	1.0000039303168842	-0.03252204546459639
20.23005485534668	1.0000843174930591	-1.6141515493467743e-05	-0.5853008823608845	1.6141515493467743e-05	1.0000843174930591	-0.040746044891465355
20.102977752685547	1.0001753630365051	3.9504485974022844e-05	-0.6921351866629222	-3.9504485974022844e-05	1.0001753630365051	-0.050117214871693516
19.892215728759766	0.9999725623959489	-1.985343226402096e-05	-0.2851256483723117	1.985343226402096e-05	0.9999725623959489	0.04922606254633276
20.308256149291992	1.0000395983663668	8.446403775436579e-05	-0.031213940131717223	-8.446403775436579e-05	1.0000395983663668	0.07632370067985346
19.434690475463867	0.9999240811299465	0.00020210924667327074	0.16062994086360582	-0.00020210924667327074	0.9999240811299465	0.16956292671959744
19.69146728515625	1.0000870040409262	0.0001475014271113333	0.06857987522065113	-0.0001475014271113333	1.0000870040409262	0.04354773961490194
21.810293197631836	1.0000169389094635	3.0058603075405677e-05	0.0077934987453149454	-3.0058603075405677e-05	1.0000169389094635	0.029463798057310354
19.17409896850586	1.0000562802526938	2.048583832585534e-05	0.05673075135632924	-2.048583832585534e-05	1.0000562802526938	-0.017669594180354076
19.210338592529297	1.0000316305348773	7.937789922996224e-06	0.05572502830603779	-7.937789922996224e-06	1.0000316305348773	-0.01549190892573548
19.130945205688477	1.0000279413972817	-5.236618301739308e-06	-0.011714698263611146	5.236618301739308e-06	1.0000279413972817	-0.022597860134241667
18.9816951751709	1.0000305516015644	1.299130533187427e-05	-0.01737475576454129	-1.299130533187427e-05	1.0000305516015644	0.01003217698899865
19.025087356567383	1.0000086236254488	-2.5504846574422196e-05	0.016893507535070296	2.5504846574422196e-05	1.0000086236254488	-0.0033507039439913955
19.433259963989258	1.0000111644159613	-0.00013381932860017965	-0.11314862113032584	0.00013381932860017965	1.0000111644159613	-0.06547922285291344
20.595312118530273	1.0001087358733214	8.203739983965149e-05	-0.5186706060547792	-8.203739983965149e-05	1.0001087358733214	0.009195097648626027
19.296646118164062	0.9999446383915129	0.00012817732162256326	0.12728009736007417	-0.00012817732162256326	0.9999446383915129	0.14191396163206152
19.83785629272461	0.999950036139646	-0.00010706464564106728	0.30455043246637625	0.00010706464564106728	0.999950036139646	-0.011722253405442681
19.827604293823242	0.999833200780081	-3.143692934710027e-05	0.24416396786102848	3.143692934710027e-05	0.999833200780081	0.15039441996183198
19.318580627441406	1.0000675254716702	-5.839819885169449e-05	-0.07113343494709137	5.839819885169449e-05	1.0000675254716702	-0.017145581077720476
21.651029586791992	0.9999893161236395	2.4101662965642743e-05	0.06485310715474422	-2.4101662965642743e-05	0.9999893161236395	0.050593380803785136
19.550085067749023	0.9999913641395768	-4.992221975917778e-07	0.08860290372575635	4.992221975917778e-07	0.9999913641395768	-0.02478951725967102
19.273996353149414	0.9999945702329367	3.590260724714094e-05	0.05160480986350813	-3.590260724714094e-05	0.9999945702329367	-0.0006981556577416683
19.351482391357422	1.000078743126074	6.587228540784705e-05	-0.07070054812661307	-6.587228540784705e-05	1.000078743126074	-0.002197534317317998
19.82903480529785	0.9999029275828359	0.00022899688981398896	0.2342463847670909	-0.00022899688981398896	0.9999029275828359	0.20784860329125168
20.28346061706543	0.9999458721384092	9.436513809468384e-06	0.6696204370801916	-9.436513809468384e-06	0.9999458721384092	0.0348467684113099
20.360708236694336	0.99995469438097	-5.4850797265246245e-05	0.48964599296778066	5.4850797265246245e-05	0.99995469438097	0.014083076683860125
19.811391830444336	1.0000662521993613	-9.513076846361577e-05	-0.35205908579978984	9.513076846361577e-05	1.0000662521993613	-0.10643618763985427
20.251750946044922	1.0001037279221316	-4.135468657926831e-05	-0.6797014493156699	4.135468657926831e-05	1.0001037279221316	-0.0956682706297781
22.591590881347656	1.0001084987078621	-1.0763200570639502e-05	-0.6398966482443081	1.0763200570639502e-05	1.0001084987078621	-0.03190277739750719
19.505739212036133	0.9999350671872401	0.0001819176818411213	-0.08987609826267831	-0.0001819176818411213	0.9999350671872401	0.20136900716573272
19.057035446166992	1.000035501477644	4.63746357294328e-05	-0.02470609207677111	-4.63746357294328e-05	1.000035501477644	0.025087281442597704
18.922090530395508	1.0000096281559612	8.216834845538385e-05	-0.029775651194422645	-8.216834845538385e-05	1.0000096281559612	0.07673349627548873
19.490718841552734	1.0000062766066655	0.0001547548532929417	0.14596432202212345	-0.0001547548532929417	1.0000062766066655	0.1327217548463722
20.136356353759766	0.9998582631471912	3.3107437499218324e-05	0.6410647763399705	-3.3107437499218324e-05	0.9998582631471912	0.09339016201540881
19.8056697845459	1.0000035368076423	-2.7753052215591653e-05	0.29620268259776183	2.7753052215591653e-05	1.0000035368076423	-0.12298748309591027
18.996000289916992	0.9999810700592208	-6.40341071435162e-06	-0.012279162370237646	6.40341071435162e-06	0.9999810700592208	-0.005577376125809372
19.5620059967041	1.0000101787227413	4.159400813566566e-05	0.1382732923456884	-4.159400813566566e-05	1.0000101787227413	-0.053878919531870476
22.63474464416504	0.9999504944671131	3.9769855710136747e-05	0.1746944279156908	-3.9769855710136747e-05	0.9999504944671131	0.00380538604955008
19.317150115966797	0.9999717780637388	4.411249069486334e-05	0.10706745781347363	-4.411249069486334e-05	0.9999717780637388	0.0328631354255966
19.71268653869629	0.9999311070086069	1.4915473072923622e-05	0.2429320982610088	-1.4915473072923622e-05	0.9999311070086069	0.018021127416664798
19.386768341064453	1.000046059293443	-2.7972478506157775e-05	-0.12319002090318541	2.7972478506157775e-05	1.000046059293443	-0.1090499480274081
20.388126373291016	1.0000254335324466	3.329814993405602e-06	-0.09418359551871455	-3.329814993405602e-06	1.0000254335324466	-0.07735066250700792
19.069910049438477	1.000004315244248	-2.7722343255734237e-05	-0.035868506122442564	2.7722343255734237e-05	1.000004315244248	-0.05824643299803445
19.900798797607422	0.9999843856012962	-5.310490796428645e-05	-0.29599235509024646	5.310490796428645e-05	0.9999843856012962	-0.036658837961863006
19.919157028198242	1.000007649882444	-2.8589438304710797e-05	-0.3084471702857259	2.8589438304710797e-05	1.000007649882444	-0.024628185005523082
19.544601440429688	0.9999055753428618	5.878639366280629e-05	0.07602215504076312	-5.878639366280629e-05	0.9999055753428618	0.107417574429262
22.038698196411133	0.9999372481970805	6.180010031355081e-05	0.1426940649324743	-6.180010031355081e-05	0.9999372481970805	0.07784304279759605
19.337177276611328	0.999897508756852	0.00011381562659613753	0.14581570429248047	-0.00011381562659613753	0.999897508756852	0.1042211489401855
19.5162296295166	0.9998762938501641	0.00011274323009604561	0.1759330908490708	-0.00011274323009604561	0.9998762938501641	0.1332944460356013
19.77682113647461	0.9998346116682644	0.00013350770702697375	0.28186752530654247	-0.00013350770702697375	0.9998346116682644	0.1992488032151529
19.603490829467773	0.9998244160940747	0.00015124899459982347	0.29225176482945386	-0.00015124899459982347	0.9998244160940747	0.2125301126025419
19.647598266601562	0.999911545016812	4.477394112736815e-05	-0.04441205429713893	-4.477394112736815e-05	0.999911545016812	0.12100448491077942
20.082473754882812	0.9999517774820718	0.00018953459295500697	-0.43036516024822824	-0.00018953459295500697	0.9999517774820718	0.22641778460770376
19.82855796813965	0.9999115228692491	0.00021376646412364685	-0.2253150493072809	-0.00021376646412364685	0.9999115228692491	0.17412616194182684
19.932270050048828	1.0000449234116162	0.00015006227041304687	-0.37444797674017044	-0.00015006227041304687	1.0000449234116162	0.09069318017842075
19.962072372436523	0.9999043078051526	9.50665911929268e-05	0.30080890020561235	-9.50665911929268e-05	0.9999043078051526	0.18576351647288786
19.925355911254883	0.9999383535170268	2.033008622287011e-06	0.34445672484769574	-2.033008622287011e-06	0.9999383535170268	0.09307720058468225
19.928932189941406	0.9999575408219528	5.5025178703842845e-06	0.06016805859345417	-5.5025178703842845e-06	0.9999575408219528	0.028733886472156422
22.133827209472656	1.0000214216434786	-3.8176569401917904e-05	-0.19084653942051774	3.8176569401917904e-05	1.0000214216434786	-0.044924068632154035
20.151615142822266	1.000008711753793	1.7140512181669115e-05	-0.1613551788576421	-1.7140512181669115e-05	1.000008711753793	0.003454372866801319
19.422054290771484	1.0000143367249752	-2.615216303155837e-05	-0.11371427435983421	2.615216303155837e-05	1.0000143367249752	-0.009119097915937801
19.344091415405273	1.0000116533965764	9.272393996656795e-06	-0.024297919771513937	-9.272393996656795e-06	1.0000116533965764	-0.014608005336567073
19.71602439880371	1.0000217164337157	5.3280435088977695e-05	-0.06654808316541413	-5.3280435088977695e-05	1.0000217164337157	-0.047114927480106636
19.798994064331055	0.9998982781155252	0.0001980592009102014	0.22704077463174213	-0.0001980592009102014	0.9998982781155252	0.12882832072412295
20.419597625732422	0.9999445724938373	8.714332088142574e-05	0.6161629898255194	-8.714332088142574e-05	0.9999445724938373	0.03185073838158664
20.641565322875977	0.9999142967001868	1.1624468432595672e-05	0.80916201493278	-1.1624468432595672e-05	0.9999142967001868	0.03468292651247352
20.106077194213867	0.9999742793167028	-4.291781326574393e-05	0.37999557538710627	4.291781326574393e-05	0.9999742793167028	-0.07119277447249887
19.844770431518555	1.000006356035101	9.797208653536084e-06	-0.31454790294299684	-9.797208653536084e-06	1.000006356035101	-0.010747743979224485
20.333051681518555	1.0001294220104757	9.347620355287684e-05	-0.5810198956813868	-9.347620355287684e-05	1.0001294220104757	-0.05220005849954261
19.53291893005371	1.0000093579778482	8.51859816833893e-05	-0.03554571120217087	-8.51859816833893e-05	1.0000093579778482	0.04126074927239265
19.359588623046875	1.000011973826406	7.167582649732154e-05	-0.03283809358416406	-7.167582649732154e-05	1.000011973826406	0.035608131846299074
21.724700927734375	0.9999863336229514	0.00023660393748858914	-0.09253484853425575	-0.00023660393748858914	0.9999863336229514	0.14572434758277383
19.905567169189453	0.9999444141061794	0.00020427468257640588	0.13377838911960277	-0.00020427468257640588	0.9999444141061794	0.10703377623485155
20.50948143005371	0.9998489003101597	9.377999289258683e-05	0.7062952206295151	-9.377999289258683e-05	0.9998489003101597	0.10362388101467611
20.15829086303711	0.999882725562929	4.945160191948352e-05	0.32536779494554946	-4.945160191948352e-05	0.999882725562929	0.04413751684979114
21.5146541595459	0.9999345102399866	0.00011901652536229876	-0.013384975093964411	-0.00011901652536229876	0.9999345102399866	0.10864568428409324
19.69456672668457	0.9999479366149803	0.00011753694634393435	-0.08584442139860081	-0.00011753694634393435	0.9999479366149803	0.11839806005463685
19.957780838012695	0.9998027596554749	6.994398478395029e-05	0.05938270337338172	-6.994398478395029e-05	0.9998027596554749	0.1423685895651982
19.291400909423828	0.999964705866993	4.535134445337056e-05	0.02027590286755921	-4.535134445337056e-05	0.999964705866993	0.050834185753308614
19.70052719116211	0.9999346055065115	0.00010909326179635275	-0.09652045233619423	-0.00010909326179635275	0.9999346055065115	0.13984378776092313
21.854162216186523	0.9999807020340141	7.097640121632456e-05	-0.1122302581739568	-7.097640121632456e-05	0.9999807020340141	0.07724529562042505
19.50526237487793	0.9999767048097246	2.116993575778511e-05	-0.008780865555135232	-2.116993575778511e-05	0.9999767048097246	0.06859827360980209
19.425630569458008	0.999975627434449	8.117675138519928e-05	-0.01055219308654324	-8.117675138519928e-05	0.999975627434449	0.11297756352500102
19.639015197753906	0.9997921859332041	0.00021042509807076462	0.30550017651022865	-0.00021042509807076462	0.9997921859332041	0.2245439173182417
19.617080688476562	0.9999273227111416	6.014648091331145e-05	0.19533441419948347	-6.014648091331145e-05	0.9999273227111416	0.05802738542180391
19.599199295043945	0.9999080874046343	3.59282853959352e-05	0.21188245771846473	-3.59282853959352e-05	0.9999080874046343	0.03740681665986497
19.21987533569336	0.9999517622183395	5.909205988108591e-06	0.12758503747981212	-5.909205988108591e-06	0.9999517622183395	0.011385507632511413
19.550085067749023	0.9999401263584671	1.6336941269288676e-06	0.17103662464500385	-1.6336941269288676e-06	0.9999401263584671	-0.04735543646940661
19.344329833984375	0.9999346033795663	2.21788959599215e-05	0.11799091458469914	-2.21788959599215e-05	0.9999346033795663	0.010959343827426039
19.23990249633789	0.9999997090045623	2.4460406059802014e-05	-0.03730899351672161	-2.4460406059802014e-05	0.9999997090045623	0.014997143854756423
19.475460052490234	0.9999706541155808	6.079929581324225e-05	-0.15589250815400468	-6.079929581324225e-05	0.9999706541155808	0.07167891741724672
19.67334747314453	0.9999464281116134	6.54064129926684e-05	-0.15642526507886906	-6.54064129926684e-05	0.9999464281116134	0.07267157995698828
19.259214401245117	0.9999360930978834	4.454221498954138e-05	0.017390718013943943	-4.454221498954138e-05	0.9999360930978834	0.055019382861120555
19.605159759521484	0.9999334049323501	1.611858921813413e-05	0.17144905365273244	-1.611858921813413e-05	0.9999334049323501	0.11085754808817991
22.15576171875	0.9999090900818465	-0.00015554224259889694	0.29687942285356195	0.00015554224259889694	0.9999090900818465	0.027069331384150446
19.82259750366211	0.9998856339332858	-0.00010989510033583959	0.2904889742349877	0.00010989510033583959	0.9998856339332858	0.006853382477373868
19.5925235748291	0.9999348827685742	-3.038541098137346e-05	0.12976653662641577	3.038541098137346e-05	0.9999348827685742	0.027277450444828988
19.31476593017578	1.0000698891227915	-3.8899059780249864e-05	-0.09807002630760257	3.8899059780249864e-05	1.0000698891227915	-0.0341749127736604
19.266843795776367	1.0000362945012526	6.816817648780052e-05	-0.025602818271893053	-6.816817648780052e-05	1.0000362945012526	0.05697884528185786
20.140647888183594	0.9998971096053302	2.116405149032855e-05	0.5357160957053434	-2.116405149032855e-05	0.9998971096053302	0.07216329547748407
20.164012908935547	0.9999610847706709	7.909528233278973e-05	0.46752187243469084	-7.909528233278973e-05	0.9999610847706709	0.07908447263224558
20.33519744873047	0.9999698889958345	8.740062749692033e-05	0.4811237695896166	-8.740062749692033e-05	0.9999698889958345	0.062314167362918796
21.837472915649414	0.9998811764588103	9.321666322451641e-05	0.2020800427460197	-9.321666322451641e-05	0.9998811764588103	0.10547416687874435
19.803524017333984	0.9999251708670582	0.00010809082323492969	0.16038229423140876	-0.00010809082323492969	0.9999251708670582	0.10580344657402209
19.725322723388672	0.9999015417601903	5.9130137797105186e-05	0.2600799477847804	-5.9130137797105186e-05	0.9999015417601903	0.06970090302878479
19.872665405273438	1.0000959507482816	-2.9760387634669033e-05	-0.26388730529134263	2.9760387634669033e-05	1.0000959507482816	-0.058702316550224176
19.469738006591797	0.9999501049874412	4.006553358030806e-05	0.07746222474917755	-4.006553358030806e-05	0.9999501049874412	0.03344661015620641
19.632816314697266	0.9998818722406771	4.792139381078856e-05	0.23418509546001506	-4.792139381078856e-05	0.9998818722406771	0.07704368816879384
19.504547119140625	0.9999351303627143	2.592429887360315e-05	0.1280599089411116	-2.592429887360315e-05	0.9999351303627143	0.04136006946865749
19.82879638671875	0.9999858652554202	8.371405557459913e-05	-0.08349584796157347	-8.371405557459913e-05	0.9999858652554202	0.08687656208660544
23.18406105041504	0.9999729921065011	8.661271198876936e-05	-0.054553501257868384	-8.661271198876936e-05	0.9999729921065011	0.0825667127522302
19.405126571655273	0.9998769476296872	0.0001538183089441325	0.03384076775840255	-0.0001538183089441325	0.9998769476296872	0.18468562383217815
19.771337509155273	0.9999800151955492	0.00010718355483350659	-0.12593125600771227	-0.00010718355483350659	0.9999800151955492	0.13217764848385136
19.35291290283203	0.999959647798662	0.00015003973031181518	0.018397575497469437	-0.00015003973031181518	0.999959647798662	0.12830412997799062
22.23038673400879	1.0000026670275546	6.576269075528026e-05	-0.013116465769161628	-6.576269075528026e-05	1.0000026670275546	0.05500395401305477
19.044876098632812	1.000035874533549	2.4825718494409917e-05	-0.02006154381862841	-2.4825718494409917e-05	1.000035874533549	0.02588351740051134
19.395828247070312	0.9999275311599206	1.9413165892363836e-05	0.1084084539888632	-1.9413165892363836e-05	0.9999275311599206	0.05120367521015157
19.267797470092773	1.0000031160402558	-3.441632227212148e-05	-0.003365092549111992	3.441632227212148e-05	1.0000031160402558	-0.02565944538660673
19.704818725585938	1.0000726027989943	-1.8595735591167697e-05	-0.2214411573088974	1.8595735591167697e-05	1.0000726027989943	-0.040782066201279873
20.197391510009766	1.0000900581388275	6.673297864504609e-05	-0.5849736678691486	-6.673297864504609e-05	1.0000900581388275	0.04561155857683752
19.985198974609375	1.0001238275811957	7.152365314181052e-06	-0.4140749670122366	-7.152365314181052e-06	1.0001238275811957	-0.006720743367945473
20.01500129699707	0.9999556992919421	0.00016635233015582055	0.2587547108737031	-0.00016635233015582055	0.9999556992919421	0.1903953412596592
20.198345184326172	0.9998224525197147	0.00020340321102693023	0.47727402076641373	-0.00020340321102693023	0.9998224525197147	0.2413303892382171
19.831180572509766	0.9999444774957663	0.00019129934997977473	0.10454388956068195	-0.00019129934997977473	0.9999444774957663	0.152916557037525
19.581079483032227	0.9999650442412567	0.0002376155214631107	0.09595997956651768	-0.0002376155214631107	0.9999650442412567	0.18886341575257548
22.49431610107422	0.9998931345893665	7.911526544557821e-05	0.43701957971463234	-7.911526544557821e-05	0.9998931345893665	0.12935916120537216
19.649744033813477	1.0000264662658587	-4.487068247299797e-05	-0.023565863162137955	4.487068247299797e-05	1.0000264662658587	-0.024874063756641418
20.053625106811523	1.0000758952835656	0.00015727308739346108	-0.3577443942929848	-0.00015727308739346108	1.0000758952835656	0.11765918668775482
20.029544830322266	1.0000584845493037	0.0001403906506530033	-0.32829450851433606	-0.0001403906506530033	1.0000584845493037	0.1011331721663078
19.843578338623047	0.9999032613549754	0.0002643290452420393	0.19982272702435258	-0.0002643290452420393	0.9999032613549754	0.245936442238887
22.234439849853516	0.9999265187775355	0.00010499481371006368	0.5411088951898572	-0.00010499481371006368	0.9999265187775355	0.10145288994731687
20.061969757080078	0.9999553149158803	5.567411741147579e-05	0.31198417346468105	-5.567411741147579e-05	0.9999553149158803	0.05940384493476214
20.108699798583984	1.0000865146417897	-6.668862109159869e-05	-0.1911293557729177	6.668862109159869e-05	1.0000865146417897	-0.07560606370044298
19.607067108154297	1.0001594475760283	3.1922006795048706e-05	-0.2368625170440707	-3.1922006795048706e-05	1.0001594475760283	-0.012332182127126782
22.255420684814453	1.0000875798971751	-5.410827704472364e-05	-0.1746071782022513	5.410827704472364e-05	1.0000875798971751	-0.05935018371420276
19.74940299987793	1.000010023101056	-4.468092384995645e-05	-0.05019395979505611	4.468092384995645e-05	1.000010023101056	-0.03555216038615853
19.97518539428711	1.0000349290820432	3.459340438279969e-05	-0.07585355643977071	-3.459340438279969e-05	1.0000349290820432	0.016733183544238722
19.989967346191406	1.0000388144000547	-8.496274795694497e-05	0.15692450062122523	8.496274795694497e-05	1.0000388144000547	-0.12312328275574026
20.08056640625	0.9999927374547581	3.5135630239807867e-05	0.20336553481229983	-3.5135630239807867e-05	0.9999927374547581	-0.018673110421079067
20.18880844116211	0.9999976943293212	1.4989695743988692e-05	0.2489263018575764	-1.4989695743988692e-05	0.9999976943293212	-0.010832677598812832
19.796133041381836	1.0000971177478049	-1.9195937368287166e-05	0.026706918826845588	1.9195937368287166e-05	1.0000971177478049	-0.03171214683932816
19.982576370239258	1.0001290865166883	3.45879427836736e-05	-0.159179207191581	-3.45879427836736e-05	1.0001290865166883	-0.036282768964947185
19.682884216308594	1.0000080026612648	0.00015403063077373377	0.040865881223325795	-0.00015403063077373377	1.0000080026612648	0.10621029764853515
22.447586059570312	1.0000715373521885	4.438853159174561e-05	0.11199852681899769	-4.438853159174561e-05	1.0000715373521885	0.024316148981114755
20.264625549316406	0.9999194054344559	0.00010245422190876856	0.3729326033603309	-0.00010245422190876856	0.9999194054344559	0.07394875788590956
20.435810089111328	0.9999946376485729	0.00020184698230821767	0.3743753022267421	-0.00020184698230821767	0.9999946376485729	0.09450173298232374
20.315170288085938	1.0001390330689128	9.252598013666848e-05	0.2168452059309868	-9.252598013666848e-05	1.0001390330689128	0.022153561131245975
20.54309844970703	1.0000348195161741	3.521910524167781e-05	0.5210644789665762	-3.521910524167781e-05	1.0000348195161741	0.0024865926948460875
21.090030670166016	1.000111116981126	-8.433999076538326e-05	0.2773519523668652	8.433999076538326e-05	1.000111116981126	-0.10333697056759727
19.775390625	1.0000397551124012	-4.0312171696675984e-05	-0.007674423570104036	4.0312171696675984e-05	1.0000397551124012	-0.07607940812672152
20.160436630249023	1.000082831876777	-6.442993767102163e-05	-0.2214628993779494	6.442993767102163e-05	1.000082831876777	-0.10805112791789162
25.873184204101562	1.0000632072720679	-9.094354151987237e-05	-0.2787959089507125	9.094354151987237e-05	1.0000632072720679	-0.18835440211011054
20.116567611694336	1.0000659942243955	3.9642037582056774e-05	-0.2429658036191744	-3.9642037582056774e-05	1.0000659942243955	-0.029698417345165696
19.83952522277832	1.0000313559859142	6.953615285609408e-06	-0.17324113505045685	-6.953615285609408e-06	1.0000313559859142	0.01894750496817925
19.765377044677734	1.0000321693419183	3.3501305394986037e-05	-0.15256550667486735	-3.3501305394986037e-05	1.0000321693419183	0.03333715881174249
22.51458168029785	1.000046822044255	8.84792792907206e-05	-0.1996490380560481	-8.84792792907206e-05	1.000046822044255	0.07023994273324194
19.953012466430664	1.000084352143633	0.00011664551324054537	-0.21129012090932472	-0.00011664551324054537	1.000084352143633	0.08440443345803804
19.755125045776367	1.0000290792986406	5.749225329246536e-05	-0.03109383724949623	-5.749225329246536e-05	1.0000290792986406	0.0699383145258104
19.693851470947266	1.000125363015	-7.537075195334706e-05	-0.22491098550902455	7.537075195334706e-05	1.000125363015	-0.05570932889089301
20.357131958007812	1.0000319802717852	6.212838192864283e-05	-0.32607990652742563	-6.212838192864283e-05	1.0000319802717852	0.07212996870151848
19.90222930908203	1.0001246285737786	8.026899869368318e-06	-0.3632066161769377	-8.026899869368318e-06	1.0001246285737786	0.01000943908890406
20.009994506835938	1.0000555764264163	0.00014208431843110918	0.2041874236819923	-0.00014208431843110918	1.0000555764264163	0.10963138004401796
19.3631649017334	1.0000181222324456	5.037428889647323e-05	0.030207128468513318	-5.037428889647323e-05	1.0000181222324456	0.04365417335553225
19.578933715820312	1.0000262265995106	5.009926360100474e-05	-0.1750652240863792	-5.009926360100474e-05	1.0000262265995106	0.011949421831270672
21.377086639404297	1.000153250048236	4.611559726712675e-05	-0.42609300209611894	-4.611559726712675e-05	1.000153250048236	-0.04339451140249385
19.286155700683594	1.000122428337031	8.137606532375316e-05	-0.06748527110508494	-8.137606532375316e-05	1.000122428337031	0.037454945864226985
20.0808048248291	0.9999605644340118	5.564256351873564e-05	0.3901052892776995	-5.564256351873564e-05	0.9999605644340118	0.08501712125151828
19.61231231689453	1.0000908389287069	-8.244248646904005e-06	-0.23156725663081035	8.244248646904005e-06	1.0000908389287069	-0.03883663762369229
19.971847534179688	1.0001276170383753	2.3240065583314778e-05	-0.38039810313526823	-2.3240065583314778e-05	1.0001276170383753	-0.009226552713549519
19.896745681762695	1.000089778426225	0.00010249458650115259	-0.23286465833966838	-0.00010249458650115259	1.000089778426225	0.14991937871683553
20.051240921020508	0.9999033588543976	0.00012586132062824868	0.37544696386084975	-0.00012586132062824868	0.9999033588543976	0.18307473594595894
20.148515701293945	1.0000101765837002	5.179249575556694e-05	0.20004668198803727	-5.179249575556694e-05	1.0000101765837002	0.10993076273827457
19.891977310180664	1.0000099239941789	6.339839186528965e-05	0.21376212624887006	-6.339839186528965e-05	1.0000099239941789	0.09629382211365668
20.540952682495117	1.0000196273703308	1.9507694273162183e-05	0.33998795080306593	-1.9507694273162183e-05	1.0000196273703308	0.05020408725264345
19.979000091552734	1.00003935675823	3.525647926414267e-05	0.28550268636919357	-3.525647926414267e-05	1.00003935675823	0.049953241259958425
20.193099975585938	0.9999560769306348	-2.3352496821565116e-05	0.4275658315173081	2.3352496821565116e-05	0.9999560769306348	0.005965211452679191
19.36650276184082	1.000051560647178	-3.37071776139637e-05	0.027156459943255044	3.37071776139637e-05	1.000051560647178	-0.04848846280507007
20.151615142822266	1.0000336961757734	1.2936748647884258e-05	0.19758142437680487	-1.2936748647884258e-05	1.0000336961757734	-0.05029107682198693
20.160913467407227	1.0000010604496299	-0.00010577145578463047	0.4252091297772702	0.00010577145578463047	1.0000010604496299	-0.07078467343764139
19.684791564941406	1.0000063687009424	-4.9341794345682934e-05	0.1300613012986636	4.9341794345682934e-05	1.0000063687009424	0.019577072678143646
19.31285858154297	0.9999996110021028	4.836123213862849e-05	0.02059211355753168	-4.836123213862849e-05	0.9999996110021028	0.04874291246853876
19.76156234741211	0.9999792925317822	0.00011087138497404116	0.1761377682057626	-0.00011087138497404116	0.9999792925317822	0.07552384910647969
19.527196884155273	1.0000846834726445	7.035965519738938e-05	0.03193657834002047	-7.035965519738938e-05	1.0000846834726445	0.03267230113596731
26.703357696533203	1.000020099408229	4.529305747592886e-05	0.17824324938439798	-4.529305747592886e-05	1.000020099408229	0.037314791323894515
19.944190979003906	1.000000683914387	1.4466056472722728e-05	0.21935362533743552	-1.4466056472722728e-05	1.000000683914387	0.022682454537742043
19.771337509155273	1.0001303455753514	-9.658461529002036e-06	-0.27726814204085265	9.658461529002036e-06	1.0001303455753514	-0.008326616513908647
19.591808319091797	1.0000251059912106	9.141715145631813e-06	-0.12214309517600164	-9.141715145631813e-06	1.0000251059912106	0.07048957651440106
19.092321395874023	1.0000183081344305	6.490275885615418e-05	-0.023192414826705865	-6.490275885615418e-05	1.0000183081344305	0.06182918549994708
19.222021102905273	1.0000221147625379	4.739610708146354e-05	-0.0361694738962543	-4.739610708146354e-05	1.0000221147625379	0.05440234996169829
19.301891326904297	1.0000004868958483	5.585348358375846e-05	-0.018736295178101454	-5.585348358375846e-05	1.0000004868958483	0.048416347403012386
19.912242889404297	1.0000549293751197	7.993738096354575e-05	-0.26973875885327225	-7.993738096354575e-05	1.0000549293751197	0.07263585041859696
19.81043815612793	0.9999743803828185	9.244791869900534e-05	0.2059447633564427	-9.244791869900534e-05	0.9999743803828185	0.0754079218242988
21.903276443481445	1.0000009870138984	-4.893019517272947e-05	0.10895540546049154	4.893019517272947e-05	1.0000009870138984	-0.04618279537495504
19.694805145263672	1.0000327293606603	9.028523254393476e-05	-0.13427785018941749	-9.028523254393476e-05	1.0000327293606603	0.09454450793536079
19.634723663330078	1.000044873706212	1.2104358692060427e-05	-0.22712051366752917	-1.2104358692060427e-05	1.000044873706212	-0.0070842058474069325
20.04718780517578	1.0000619830854338	4.8545164166049065e-05	-0.355684958464743	-4.8545164166049065e-05	1.0000619830854338	0.03262016466561236
19.084930419921875	0.9999987734923854	6.579199295770993e-05	-0.0005988922870648148	-6.579199295770993e-05	0.9999987734923854	0.05758764968749036
19.336700439453125	1.0000299602184286	9.072269321175195e-06	-0.0694946106896579	-9.072269321175195e-06	1.0000299602184286	0.012884876138984432
19.85001564025879	1.000123770480059	8.145231825355379e-05	-0.2855370429588552	-8.145231825355379e-05	1.000123770480059	0.055358940317558655
19.5462703704834	1.0000940979649058	6.996086340969323e-05	-0.15719477550128325	-6.996086340969323e-05	1.0000940979649058	0.05831082253829009
19.263744354248047	1.000121464721978	4.4698405495755535e-05	-0.16444958092417605	-4.4698405495755535e-05	1.000121464721978	0.024948690993913336
19.530534744262695	0.9999245011840274	2.3293608768930016e-05	0.1423657739046489	-2.3293608768930016e-05	0.9999245011840274	0.06882009446979304
19.548654556274414	1.0000473703290786	-9.408503215212411e-05	-0.10349042016313331	9.408503215212411e-05	1.0000473703290786	-0.055225035298842345
20.3399658203125	1.0001807278765897	0.00016525811289234052	-0.752245074735973	-0.00016525811289234052	1.0001807278765897	0.04115171032809236
19.331932067871094	1.0000704065652066	0.0001820400954358172	-0.13680858622595882	-0.0001820400954358172	1.0000704065652066	0.09179767969989577
19.11306381225586	1.000036238771744	8.139039489022621e-05	-0.009303719976325323	-8.139039489022621e-05	1.000036238771744	0.054996864459288156
19.337892532348633	1.0000078751753425	0.00021298877207773034	0.08785699595519476	-0.00021298877207773034	1.0000078751753425	0.16339943747398344
19.74034309387207	0.9999208397729583	2.663360591206592e-05	0.30742790770351164	-2.663360591206592e-05	0.9999208397729583	0.03507451820641967
19.342899322509766	1.0000398322143402	-5.2118653755865935e-06	0.04719575852764307	5.2118653755865935e-06	1.0000398322143402	0.023975906526791407
19.19269561767578	0.9999715722783996	7.302910474949693e-05	0.08284545718116754	-7.302910474949693e-05	0.9999715722783996	0.07451701077703918
19.0427303314209	0.9999830157689867	5.4480193528368346e-05	0.05267898518193592	-5.4480193528368346e-05	0.9999830157689867	0.05235851729825652
19.336938858032227	0.9999764390707752	5.62554005470352e-05	0.06616702476165218	-5.62554005470352e-05	0.9999764390707752	0.04560734500705822
19.280672073364258	0.9999885619768638	-6.265551995212216e-08	0.04183932617799089	6.265551995212216e-08	0.9999885619768638	-0.010489760946678368
22.07803726196289	1.0000852505480138	-2.7970640287863844e-05	-0.11147172603033909	2.7970640287863844e-05	1.0000852505480138	-0.05454841416970179
19.8822021484375	0.9999875404033778	7.088916426437996e-05	0.29413690252009705	-7.088916426437996e-05	0.9999875404033778	-0.04591532965939271
19.93846893310547	1.0000606571638968	7.894750118657102e-05	0.2717203764959546	-7.894750118657102e-05	1.0000606571638968	-0.02578521424293226
19.85478401184082	1.0000083909149986	7.948662000624462e-05	0.23294246262053417	-7.948662000624462e-05	1.0000083909149986	0.014715978983433724
18.98789405822754	1.0000408624785582	4.722530744331761e-05	-0.005559416314087906	-4.722530744331761e-05	1.0000408624785582	0.030165449010783017
18.795490264892578	1.0000906904457556	5.5675488260273695e-05	-0.06640149990134431	-5.5675488260273695e-05	1.0000906904457556	0.028340389359555938
19.626379013061523	0.9999954029151606	0.0002462089383009564	0.1154211055246118	-0.0002462089383009564	0.9999954029151606	0.224523786883153
19.182920455932617	1.00013161414312	-4.868225943853682e-05	-0.1477496745680812	4.868225943853682e-05	1.00013161414312	-0.06528991085524116
20.107507705688477	1.00006596741815	0.0001273348173548511	-0.458446619417552	-0.0001273348173548511	1.00006596741815	0.05907435574295908
26.52597427368164	1.00015972267029	1.4522868373829326e-06	-0.45897802771013574	-1.4522868373829326e-06	1.00015972267029	-0.049440389826244366
19.435644149780273	1.0000843079499797	0.00013825437850539045	-0.10168130856270521	-0.00013825437850539045	1.0000843079499797	0.08746148269238373
19.50359344482422	0.9999834318369748	0.00016402889297339755	0.17076932105832598	-0.00016402889297339755	0.9999834318369748	0.12927164722583243
19.993066787719727	1.0000774541634874	8.544926754140487e-05	0.2993555438640396	-8.544926754140487e-05	1.0000774541634874	0.03523217253449111
19.977807998657227	1.000086847640838	9.29756394874552e-05	0.279733842256568	-9.29756394874552e-05	1.000086847640838	0.03175043212810452
19.130945205688477	1.0000605442926385	4.7375235953037436e-05	-0.03482345995303984	-4.7375235953037436e-05	1.0000605442926385	0.011491983370437109
18.933534622192383	1.0000132834895283	3.2673477200464674e-05	-0.010183238486697412	-3.2673477200464674e-05	1.0000132834895283	0.01899975028261161
19.304990768432617	1.0000061566405207	4.3942757372502625e-05	-0.007635160217462404	-4.3942757372502625e-05	1.0000061566405207	0.0033993144792813026
19.59061622619629	1.0000874580385604	-1.8012385297904858e-06	-0.18618272894206966	1.8012385297904858e-06	1.0000874580385604	-0.07215866728914551
22.606372833251953	1.0000959951455726	4.6673130173779354e-05	-0.5803045829818829	-4.6673130173779354e-05	1.0000959951455726	-0.0640977312821828
19.701004028320312	1.0000932810663914	0.0001446769994315442	-0.2688236712223635	-0.0001446769994315442	1.0000932810663914	0.07125502761851181
19.50836181640625	1.0000495175069175	6.41429647127855e-05	-0.09989930162283578	-6.41429647127855e-05	1.0000495175069175	0.10785511825463859
19.20294761657715	1.0000344424488188	5.457904828088976e-05	-0.045985041837168256	-5.457904828088976e-05	1.0000344424488188	0.07352348140352437
19.905567169189453	0.9999478071637685	6.751525365933938e-05	0.3240110921422727	-6.751525365933938e-05	0.9999478071637685	0.10618224616908424
19.8824405670166	1.000072115565764	5.283508881517631e-06	0.23033993678436535	-5.283508881517631e-06	1.000072115565764	-0.07757820079286863
19.169330596923828	1.0000282556270559	4.653612115122671e-05	0.012558415565171621	-4.653612115122671e-05	1.0000282556270559	0.0001284219683110599
19.330501556396484	1.0000740603026703	3.9939505746478996e-05	-0.062184536283338906	-3.9939505746478996e-05	1.0000740603026703	-0.028625530305371932
19.215106964111328	1.000055999980422	9.898059277032785e-06	0.020362484626794457	-9.898059277032785e-06	1.000055999980422	-0.02469555169071824
18.88728141784668	1.0000062683618969	1.8902496853169314e-05	0.00975878013844188	-1.8902496853169314e-05	1.0000062683618969	0.004687514116814515
21.42953872680664	1.0000094587964525	3.041248062237963e-05	0.016436271044551642	-3.041248062237963e-05	1.0000094587964525	0.011509410861774982
19.986867904663086	0.9999944252278672	2.7747051975610695e-05	0.21115365636784672	-2.7747051975610695e-05	0.9999944252278672	0.027140350596635165
19.55127716064453	1.0000055813652982	2.1681769635230585e-05	0.20131666664605397	-2.1681769635230585e-05	1.0000055813652982	0.026800524970774744
19.68669891357422	1.000010015682223	3.2629373550234204e-05	0.24957944086507622	-3.2629373550234204e-05	1.000010015682223	0.06261908221124679
19.61040496826172	0.9999355131156011	-9.733340521801241e-05	0.045420221623279	9.733340521801241e-05	0.9999355131156011	0.06759271507399263
19.619226455688477	1.0001044403299006	-0.00014226129529599577	-0.25292336119164227	0.00014226129529599577	1.0001044403299006	-0.09467059248631532
18.889188766479492	1.0000626536665558	8.680519545519946e-06	-0.05068422205074103	-8.680519545519946e-06	1.0000626536665558	0.0030420046758693337
18.9974308013916	1.0000192739460654	1.9899128730836185e-06	-0.014846438253411158	-1.9899128730836185e-06	1.0000192739460654	0.006206276966741473
18.876075744628906	1.0000475360123608	2.0871024775428925e-06	-0.03164455486032014	-2.0871024775428925e-06	1.0000475360123608	-0.0035190856127891024
21.466970443725586	1.0000405373071013	-3.0630751287189507e-05	-0.03548855019133648	3.0630751287189507e-05	1.0000405373071013	-0.028658629273854413
19.298553466796875	1.0001048909528818	2.6634087743038193e-05	-0.2031199940586703	-2.6634087743038193e-05	1.0001048909528818	-0.011989266848400182
19.802570343017578	0.9998843300524256	0.00020638948376128889	0.3372381446595002	-0.00020638948376128889	0.9998843300524256	0.21157534965054509
19.868135452270508	0.9998935244502426	1.6549078896048362e-05	0.3869077889311134	-1.6549078896048362e-05	0.9998935244502426	0.06233348936032427
19.75846290588379	0.9999833957056444	8.90220086116793e-05	0.2490270647935027	-8.90220086116793e-05	0.9999833957056444	0.05733179984250053
19.559144973754883	1.0000071403259179	5.782234963451863e-06	0.19729869407431175	-5.782234963451863e-06	1.0000071403259179	-0.007425651280012492
18.770456314086914	1.000062589984356	-2.6576216355872956e-05	-0.04310651662882483	2.6576216355872956e-05	1.000062589984356	-0.03377398225870227
19.2108154296875	1.0000467544326206	-7.248433372826253e-05	-0.13389258932424103	7.248433372826253e-05	1.0000467544326206	-0.031038830801098895
20.862817764282227	1.0000342600441938	-9.247037250358614e-05	-0.14620177927146968	9.247037250358614e-05	1.0000342600441938	-0.038400710721975324
21.537303924560547	1.0000584951247067	9.620271547349092e-05	-0.15801141510635702	-9.620271547349092e-05	1.0000584951247067	0.18753145329773635
19.260883331298828	1.0000460179339472	3.1387423762022274e-05	0.01331634282819235	-3.1387423762022274e-05	1.0000460179339472	0.05537142456479566
19.638776779174805	1.0000347170310546	-2.9308938050079224e-05	-0.32983148186543465	2.9308938050079224e-05	1.0000347170310546	-0.021811049505373308
20.113468170166016	1.0001538489812316	2.622596432875262e-05	-0.6022333946703363	-2.622596432875262e-05	1.0001538489812316	-0.068786639260427
19.22464370727539	1.0000435928780504	5.3047146865339845e-05	-0.06781399546144243	-5.3047146865339845e-05	1.0000435928780504	0.01778740299805101
19.20175552368164	1.0001044982000746	3.1649130066589756e-05	0.022167053892082664	-3.1649130066589756e-05	1.0001044982000746	0.010218268477409262
19.46878433227539	0.9999931459528951	0.0001448524470877102	0.13549149557684734	-0.0001448524470877102	0.9999931459528951	0.13810275095532146
19.919872283935547	1.0000275246213928	9.036631972508728e-05	0.2614651043913666	-9.036631972508728e-05	1.0000275246213928	0.08004039281195979
19.15121078491211	0.9999617688812896	4.592219931479947e-05	0.07764756871269674	-4.592219931479947e-05	0.9999617688812896	0.05139274477335687
19.612789154052734	1.0001180157226768	-7.64916445166083e-05	-0.2359767320239648	7.64916445166083e-05	1.0001180157226768	-0.08959434497030844
20.00880241394043	1.0000527196538243	-1.8783556671524496e-05	-0.5294484377193795	1.8783556671524496e-05	1.0000527196538243	-0.0293865029314323
19.736289978027344	1.0000704702724144	0.00013238463541035659	-0.2598020632967035	-0.00013238463541035659	1.0000704702724144	0.07827620068910382
19.077777862548828	0.9999809136754558	1.98634810049525e-05	-0.02136970969886548	-1.98634810049525e-05	0.9999809136754558	0.02883237487807669
19.40298080444336	1.0000103481801619	-6.69825426205229e-05	-0.10382873954138842	6.69825426205229e-05	1.0000103481801619	-0.037596771049597466
21.449565887451172	0.9999871832948255	-4.328497199063338e-05	-0.030304389852979296	4.328497199063338e-05	0.9999871832948255	-0.017710408870037102
19.74034309387207	1.0000750589931313	5.871084288132036e-05	-0.3787396639419442	-5.871084288132036e-05	1.0000750589931313	0.04006935964240149
18.931865692138672	0.9999756084000803	4.904151401403491e-05	-0.00780254657727954	-4.904151401403491e-05	0.9999756084000803	0.041762527596478964
18.9669132232666	1.0000120414914875	5.780707554158247e-05	0.026419867757460632	-5.780707554158247e-05	1.0000120414914875	0.03957682786289012
19.624948501586914	0.999916102276709	4.55519983101384e-05	0.35028486053947616	-4.55519983101384e-05	0.999916102276709	0.06851853890360021
19.59514617919922	0.9999757542390005	-8.506992202988278e-05	0.3124286855722888	8.506992202988278e-05	0.9999757542390005	-0.029474857400325294
18.868207931518555	0.9999945880982821	-2.191815583346411e-05	0.009631360966864497	2.191815583346411e-05	0.9999945880982821	-0.014054808930553775
19.714832305908203	1.0000775263946418	-7.07502139448706e-05	-0.297507492879089	7.07502139448706e-05	1.0000775263946418	-0.09773998702370512
19.78325843811035	1.000002542545702	1.4658925562563965e-05	-0.3367510996019576	-1.4658925562563965e-05	1.000002542545702	0.006921645142644102
21.48604393005371	1.0000720083318628	7.509098003099635e-06	-0.12484510116626245	-7.509098003099635e-06	1.0000720083318628	-0.018781298586892765
18.74995231628418	1.0000230003479906	-4.058928301626356e-05	-0.03954106798029745	4.058928301626356e-05	1.0000230003479906	-0.0266754061316867
19.090890884399414	1.000025965324496	-3.45026016336272e-05	-0.06507821294812796	3.45026016336272e-05	1.000025965324496	-0.038052438436875724
18.75758171081543	1.000022542641266	7.131964006812584e-06	-0.016090907144482306	-7.131964006812584e-06	1.000022542641266	-0.004475048924519337
18.689632415771484	1.000021463951622	-4.4897019770044675e-06	-0.004570678293288477	4.4897019770044675e-06	1.000021463951622	-0.01296708058323246
18.80192756652832	1.0000021590238188	7.011742482779084e-06	0.024179646534995086	-7.011742482779084e-06	1.0000021590238188	0.0040412893614878475
18.813133239746094	1.0000034702788614	2.330378837627855e-05	0.02207063526475988	-2.330378837627855e-05	1.0000034702788614	0.02211977957370008
18.9211368560791	0.9999824171886936	1.4455810912262096e-05	0.04257260846795642	-1.4455810912262096e-05	0.9999824171886936	0.02523922054177682
18.860578536987305	1.0000582628895698	-5.492554873374049e-05	-0.06784429472501449	5.492554873374049e-05	1.0000582628895698	-0.058479250543618605
21.838903427124023	1.000004096247555	1.9716335873706532e-05	-0.016330067811024987	-1.9716335873706532e-05	1.000004096247555	0.06751145972269314
