21.363496780395508	1.0005497729652493	0.00033009272982040705	-0.22555394658619365	-0.00033009272982040705	1.0005497729652493	-0.23535226567427547
21.055936813354492	1.0002451830134782	0.0005896541491500041	-0.17414078255753138	-0.0005896541491500041	1.0002451830134782	0.27341991886550093
21.301746368408203	1.0002860430783802	0.0003102489465843706	-0.0429364674271184	-0.0003102489465843706	1.0002860430783802	-0.05583720291258739
21.55447006225586	1.0003184294206209	0.0003851411682293468	-0.26152721501778037	-0.0003851411682293468	1.0003184294206209	-0.10501497802515103
20.946025848388672	1.0002363206193123	0.0001417220190371699	0.08870381176509459	-0.0001417220190371699	1.0002363206193123	-0.0922381177814032
23.85234832763672	1.0002433677565672	0.0002775193666525012	-0.1940730243134446	-0.0002775193666525012	1.0002433677565672	-0.10720073427876226
20.99609375	1.0000761504306355	5.600246346081543e-05	0.25308155515740083	-5.600246346081543e-05	1.0000761504306355	-0.19872597900177758
21.053314208984375	1.0000298650414865	0.0001552006044197582	-0.1857882103595433	-0.0001552006044197582	1.0000298650414865	-0.17626104565922496
21.314620971679688	1.0000554377631026	-6.800415440508702e-05	0.407236584520401	6.800415440508702e-05	1.0000554377631026	-0.2135557956107999
20.955801010131836	1.0001355459256065	0.00010187842060932436	-0.15410979909898592	-0.00010187842060932436	1.0001355459256065	-0.09632293375244469
21.123409271240234	0.9997911154271492	-6.749243078727349e-05	0.40210037565064416	6.749243078727349e-05	0.9997911154271492	-0.2428800435982956
21.31175994873047	0.9999518047948862	0.00019301955087647725	0.00866669913112772	-0.00019301955087647725	0.9999518047948862	0.07569422828150252
21.02518081665039	1.0000179715029174	0.00014757830985175793	0.3440378742454244	-0.00014757830985175793	1.0000179715029174	0.008955340550818897
24.129390716552734	0.9998592917874979	0.0001696253575719336	0.014458329040919649	-0.0001696253575719336	0.9998592917874979	0.1652222222277862
20.99609375	0.9998838095013767	0.0003417916728479655	0.32511297202924705	-0.0003417916728479655	0.9998838095013767	-0.00518800514986087
20.732641220092773	0.9998981288760985	0.00023921999773640742	0.06087092312237036	-0.00023921999773640742	0.9998981288760985	0.22858163148442123
23.218393325805664	0.9997108229471042	0.00029181304002807583	0.3889355514647658	-0.00029181304002807583	0.9997108229471042	0.045181994638272716
21.03567123413086	0.9998876956401966	0.00031636111689147553	-0.008000625080750834	-0.00031636111689147553	0.9998876956401966	0.2624703722226883
21.656036376953125	0.9999646354110927	0.00043610520776864544	0.34862130612781694	-0.00043610520776864544	0.9999646354110927	0.038554956009614026
21.113872528076172	1.0001605558743722	0.00047354022702051984	-0.07906541206536247	-0.00047354022702051984	1.0001605558743722	0.2868924707766567
21.11029624938965	1.0002733826064574	0.0005555819025531619	0.11233116116331811	-0.0005555819025531619	1.0002733826064574	0.053248659704124644
21.280288696289062	1.0002464318300779	0.00029500394358013336	0.09712489254469259	-0.00029500394358013336	1.0002464318300779	0.05274885130681474
20.96700668334961	1.000289799006797	0.00022783751947140447	0.04049824228474619	-0.00022783751947140447	1.000289799006797	-0.10520959854703893
21.344661712646484	1.0005734812507903	0.00020878984816178963	-0.028680867064813376	-0.00020878984816178963	1.0005734812507903	-0.0685205625061236
21.0115909576416	1.0004202690495723	0.00020224496542512957	0.0637214329906558	-0.00020224496542512957	1.0004202690495723	0.06659842769458477
21.1639404296875	1.000513152577575	4.6526305269979855e-05	0.053741785831162354	-4.6526305269979855e-05	1.000513152577575	-0.24491310220642584
21.430253982543945	1.000650285026683	0.0002367249975054131	-0.20983472092278604	-0.0002367249975054131	1.000650285026683	-0.09477781804064553
21.0416316986084	1.0003131482145413	8.388457362959867e-05	0.14111007207423054	-8.388457362959867e-05	1.0003131482145413	-0.13499365506065508
21.431446075439453	1.0005964896522872	0.0002548813231045152	-0.16619677446301495	-0.0002548813231045152	1.0005964896522872	-0.005884779528161355
21.247386932373047	1.00010044198887	5.924619144549434e-05	0.32809407287710035	-5.924619144549434e-05	1.00010044198887	0.10150715265687775
21.851778030395508	1.0000885716368826	0.0002586897675023334	-0.1252835958379792	-0.0002586897675023334	1.0000885716368826	0.23583282005748685
21.894216537475586	1.0006250145664701	0.00022493072241754487	0.10182874193405933	-0.00022493072241754487	1.0006250145664701	-0.10286639046308471
21.635055541992188	1.0003577169820386	0.00034196433898880723	-0.11792098948019769	-0.00034196433898880723	1.0003577169820386	0.05878882382362363
21.945476531982422	1.0006000227706358	1.7694409669928793e-05	0.2173834585690308	-1.7694409669928793e-05	1.0006000227706358	-0.16666460992838267
22.711753845214844	1.0003563557908621	7.885743886389243e-05	-0.17598860072509181	-7.885743886389243e-05	1.0003563557908621	0.05389029707412104
21.21734619140625	1.0000679194168065	-2.3753329274860007e-05	0.46379576545967327	2.3753329274860007e-05	1.0000679194168065	-0.2600814410567761
21.257638931274414	1.0003834564101575	-0.00011688692231648464	0.026554646665704222	0.00011688692231648464	1.0003834564101575	-0.28139785981884446
21.04020118713379	1.0002160967862954	-0.00014237424974377193	0.29858319394317245	0.00014237424974377193	1.0002160967862954	-0.17280504466459667
21.412134170532227	1.000668337956647	0.00040131217666953753	-0.31479446225856433	-0.00040131217666953753	1.000668337956647	-0.1050007000994091
21.143436431884766	1.0004848601728138	-5.432987141913078e-05	0.17132475515078838	5.432987141913078e-05	1.0004848601728138	-0.320722388172251
21.03710174560547	1.0010260592558098	0.0005547325231145756	-0.43738637850877704	-0.0005547325231145756	1.0010260592558098	-0.009972876797376462
21.53468132019043	1.001020591467927	4.051314169840805e-05	-0.03808551437100205	-4.051314169840805e-05	1.001020591467927	-0.305301256087094
21.013975143432617	1.0001588111102238	0.0001730355139376924	-0.06572230044496531	-0.0001730355139376924	1.0001588111102238	0.17095801211198042
21.920204162597656	1.0002260111428305	0.00014083136345289564	0.17264051795566612	-0.00014083136345289564	1.0002260111428305	-0.09145555435984329
29.132366180419922	1.0002076037951337	4.802251694567181e-05	0.012170352614083224	-4.802251694567181e-05	1.0002076037951337	0.2844811422995396
24.271726608276367	1.000356255665369	-4.3227210650474275e-05	0.1389215519989133	4.3227210650474275e-05	1.000356255665369	-0.12705951802233661
21.650075912475586	1.0011647457381865	-0.00011294490945929609	-0.11792961826535768	0.00011294490945929609	1.0011647457381865	-0.33133449175675217
20.92719078063965	1.0003806131967985	4.6239801512563015e-05	0.02918493185287585	-4.6239801512563015e-05	1.0003806131967985	-0.07270608602980314
21.464824676513672	1.0010025275746337	-6.124999601269884e-05	-0.18961187475279706	6.124999601269884e-05	1.0010025275746337	-0.34706206806964546
21.123409271240234	1.0003908946667768	8.425258943091686e-05	0.0034464948258219642	-8.425258943091686e-05	1.0003908946667768	-0.013821771941832805
21.06642723083496	1.000220504217286	-4.2716096862597217e-05	0.006451717933529774	4.2716096862597217e-05	1.000220504217286	-0.19470444849398802
22.62282371520996	1.0002454621923027	0.0001908620788060556	0.04819525031250128	-0.0001908620788060556	1.0002454621923027	-0.17102731046751238
20.748615264892578	1.0006799803705408	0.00023515207970850493	-0.21694172256046007	-0.00023515207970850493	1.0006799803705408	-0.1486840161486794
21.21281623840332	1.0002630890545017	0.00026517295383414685	0.023723579091194172	-0.00026517295383414685	1.0002630890545017	0.062249294239815414
20.72310447692871	1.0002370024691025	1.7400434758444844e-05	0.0763305932788815	-1.7400434758444844e-05	1.0002370024691025	-0.049218593302314415
20.810365676879883	1.0002402424607337	0.00016704229243181165	-0.11217641527350364	-0.00016704229243181165	1.0002402424607337	0.07983388279392968
21.40974998474121	1.0004069614810982	0.0002869020274222358	-0.020764297340172932	-0.0002869020274222358	1.0004069614810982	0.10853005490581236
21.069765090942383	1.0005012817550605	2.273697991912415e-05	-0.08109616898418952	-2.273697991912415e-05	1.0005012817550605	0.09872458099438158
21.506547927856445	1.0003626439748396	-4.0636165381802445e-05	0.0942292223080372	4.0636165381802445e-05	1.0003626439748396	-0.017717911239443117
21.023035049438477	1.0004922460105357	-7.122575098821477e-05	-0.17124118463354163	7.122575098821477e-05	1.0004922460105357	0.007104336028910435
20.929813385009766	1.0003725277369904	-2.5901046506984124e-05	0.061425165753831154	2.5901046506984124e-05	1.0003725277369904	-0.10009885631742865
21.584749221801758	1.0003048814547084	3.1703976256371666e-05	0.11678982677268147	-3.1703976256371666e-05	1.0003048814547084	0.02771638700270047
20.944595336914062	1.000430133617402	9.346002436441451e-05	0.11390454710368539	-9.346002436441451e-05	1.000430133617402	-0.14848830490425036
21.659374237060547	1.0003129019940373	0.0001283875228473694	0.13969999026622956	-0.0001283875228473694	1.0003129019940373	-0.07460363805696192
21.129131317138672	1.000551889588215	0.00019874012068259866	0.11932914201041372	-0.00019874012068259866	1.000551889588215	-0.10122565242475987
21.03877067565918	1.0003981985250767	4.7083518097039984e-05	-0.06600919362174486	-4.7083518097039984e-05	1.0003981985250767	-0.09581689465567844
21.897077560424805	0.999683444579381	-1.6148105441484437e-05	0.6213869653994089	1.6148105441484437e-05	0.999683444579381	0.08011424904849185
21.312713623046875	1.0001715843808454	0.00012630553118289937	0.047690672125829114	-0.00012630553118289937	1.0001715843808454	-0.008285367303300359
22.207021713256836	0.9995913593202712	-1.4355868314652179e-05	0.4641158500449509	1.4355868314652179e-05	0.9995913593202712	0.2934447382563024
24.848461151123047	1.000269875053186	0.0001199766245342517	-0.14174953018388625	-0.0001199766245342517	1.000269875053186	0.1212652227435702
21.943092346191406	0.9999957792696255	5.4996066123083076e-05	0.30135140913098096	-5.4996066123083076e-05	0.9999957792696255	0.13987921952468807
21.644115447998047	0.9999332218849027	0.00024577563943267846	0.17883827603599936	-0.00024577563943267846	0.9999332218849027	0.17604803728950782
21.173954010009766	1.0002803020074231	0.0001693847426848827	0.11304425775333722	-0.0001693847426848827	1.0002803020074231	0.06559879761905145
21.979331970214844	1.000775392443568	0.00036346962322347294	-0.191344665121349	-0.00036346962322347294	1.000775392443568	0.016214928936979123
21.407365798950195	1.0001067064869213	0.00016882988465489416	0.15580669930734095	-0.00016882988465489416	1.0001067064869213	-0.010956148469462738
21.23403549194336	1.000291910046779	0.00019947728442280566	0.01655938672466417	-0.00019947728442280566	1.000291910046779	0.11491648493371796
21.843910217285156	1.0014010687091457	0.00044323534585998274	-0.3591820772954346	-0.00044323534585998274	1.0014010687091457	-0.26835228571272207
21.201610565185547	1.0004596341612217	1.3054210237723864e-05	-0.03797990923307748	-1.3054210237723864e-05	1.0004596341612217	-0.159907265346813
22.048473358154297	1.0006978899866383	6.204268806980122e-05	-0.14742125793127414	-6.204268806980122e-05	1.0006978899866383	-0.1946214546937709
20.94125747680664	1.0004170843842268	7.674204177451027e-05	-0.04466135913438163	-7.674204177451027e-05	1.0004170843842268	-0.04805065228597656
21.086454391479492	1.0003752406941664	0.00017199318064076876	-0.19315372189209531	-0.00017199318064076876	1.0003752406941664	-0.08342020988316619
21.617412567138672	1.0001998031832704	3.502467159462689e-05	0.0817046900308918	-3.502467159462689e-05	1.0001998031832704	-0.14582805323553158
20.879030227661133	1.000081838687755	4.671219084325263e-06	-0.08197046794196008	-4.671219084325263e-06	1.000081838687755	-0.01642975222596721
21.17753028869629	1.000255411053775	7.2828813227983506e-06	0.06496136013192902	-7.2828813227983506e-06	1.000255411053775	0.048580170718101064
20.843982696533203	1.0001176772232916	6.799448008893792e-05	-0.07767503218217327	-6.799448008893792e-05	1.0001176772232916	-0.0033911979535535958
20.88165283203125	0.9999788762439844	5.358243456522467e-05	0.22423348571553903	-5.358243456522467e-05	0.9999788762439844	0.06821383846759166
21.45242691040039	1.0002067421493066	0.00016031706608452754	-0.20361654067456214	-0.00016031706608452754	1.0002067421493066	0.0009066641367161399
22.567033767700195	1.0001452531522068	3.302159374189218e-05	0.07576570185208953	-3.302159374189218e-05	1.0001452531522068	0.11543035039149685
21.181821823120117	1.0001303401090775	0.0001162798557203632	-0.11957749705940297	-0.0001162798557203632	1.0001303401090775	0.015015058078204063
21.16870880126953	1.000178432738279	-8.696464730847925e-05	0.17696299290723685	8.696464730847925e-05	1.000178432738279	-0.18029192392099816
20.979881286621094	1.0000613124356081	-3.1763211566880714e-05	0.017286011570861688	3.1763211566880714e-05	1.0000613124356081	-0.037318958723109405
21.44789695739746	0.9995961133247722	-0.00018912219761532735	0.3843629194548824	0.00018912219761532735	0.9995961133247722	0.005438593354787032
20.99013328552246	0.9997130527576064	-0.00010391639131494498	0.15810136529221205	0.00010391639131494498	0.9997130527576064	0.10933884825624332
21.29197120666504	0.9997819360758092	2.2510483136695608e-05	0.2963262944217338	-2.2510483136695608e-05	0.9997819360758092	-0.10373154404484128
21.288394927978516	0.999851161790323	-5.634424802880073e-05	0.2271469415569099	5.634424802880073e-05	0.999851161790323	0.11361369422263083
21.02065086364746	0.9995504001637366	1.3151801030584916e-05	0.30506916588732264	-1.3151801030584916e-05	0.9995504001637366	0.12535054267161508
21.604299545288086	0.9989452801765191	-5.3923795406796016e-05	0.5536058679618074	5.3923795406796016e-05	0.9989452801765191	0.3797513016110027
21.193742752075195	0.9999569174379905	0.00013815732690363055	0.18116278864571633	-0.00013815732690363055	0.9999569174379905	0.11583147842741837
21.24309539794922	0.9997720721459008	2.8143053722095137e-05	0.2808882652933358	-2.8143053722095137e-05	0.9997720721459008	0.06212946173041595
21.54397964477539	1.0000768329695957	0.00017956454193798554	0.19720318690102312	-0.00017956454193798554	1.0000768329695957	0.22621391285405743
21.093368530273438	0.9996392694392324	6.647540952037572e-05	0.29298643230029503	-6.647540952037572e-05	0.9996392694392324	0.22943255897650122
21.62480354309082	0.9999880160151428	0.0001980093024775951	0.20682802702617215	-0.0001980093024775951	0.9999880160151428	0.10883351391394097
21.209239959716797	1.000406456014585	1.3435007956932865e-05	-0.05895900070453575	-1.3435007956932865e-05	1.000406456014585	0.011592720534297163
21.097898483276367	0.9996600163222394	3.644260173908721e-05	0.12176913485105775	-3.644260173908721e-05	0.9996600163222394	-0.019373066860221912
21.583080291748047	1.0001567869783898	-0.00013301009629383838	0.1399018721456358	0.00013301009629383838	1.0001567869783898	-0.043689211272051505
21.028518676757812	0.9998671728255984	-0.00014214639115080047	0.047458680723058665	0.00014214639115080047	0.9998671728255984	-0.11713188255712362
21.72684669494629	0.9992819300583313	1.5248894507699915e-05	0.3908766108945378	-1.5248894507699915e-05	0.9992819300583313	0.2560020271134222
21.526813507080078	1.000105468302716	0.00012386837766154612	-0.011368297353578687	-0.00012386837766154612	1.000105468302716	0.047700565162858505
21.394014358520508	0.9999115155077062	-7.210375140781507e-06	0.21903989672755836	7.210375140781507e-06	0.9999115155077062	0.06355216838743231
22.088289260864258	1.0003374771200204	0.0001510773597667191	-0.16348558181364115	-0.0001510773597667191	1.0003374771200204	-0.10018397397490032
21.622657775878906	0.9998379257302844	-3.9563396421670135e-05	0.1990674715867906	3.9563396421670135e-05	0.9998379257302844	0.1627460984448586
21.895647048950195	1.0007238089116588	-2.667955637409438e-06	-0.26806603894287356	2.667955637409438e-06	1.0007238089116588	-0.28552264846958203
21.54231071472168	1.0007045639149046	-3.003312661113873e-05	-0.17662347767359	3.003312661113873e-05	1.0007045639149046	-0.1300847278967061
21.134614944458008	1.00010300439014	-1.2135528680148364e-05	-0.03140811029281208	1.2135528680148364e-05	1.00010300439014	0.04744977126293283
21.99578285217285	1.0004649635967102	5.349059270273091e-05	-0.10449751007788206	-5.349059270273091e-05	1.0004649635967102	0.040654941010244264
21.451711654663086	1.0004182680255633	6.36238290965769e-05	-0.13874560959155272	-6.36238290965769e-05	1.0004182680255633	-0.13226619367433268
21.791934967041016	0.9996799782463139	2.6740640101496335e-05	0.1865276670565985	-2.6740640101496335e-05	0.9996799782463139	0.08101191515699567
21.338462829589844	1.001097281674245	1.8284039387868973e-05	-0.3053247245982222	-1.8284039387868973e-05	1.001097281674245	-0.44534546882888093
21.21734619140625	1.0005354135272075	0.00013899063622965655	-0.10286718795149319	-0.00013899063622965655	1.0005354135272075	-0.2296252893811006
21.575927734375	1.0008001798472546	2.5760228700414032e-05	-0.27412517439207423	-2.5760228700414032e-05	1.0008001798472546	-0.20201366998356785
21.241188049316406	1.0003929570644003	8.060777038150953e-05	-0.016027515898657942	-8.060777038150953e-05	1.0003929570644003	-0.08667440390341437
21.752119064331055	1.0005052260815257	-0.00011630127116978157	-0.194084187396181	0.00011630127116978157	1.0005052260815257	-0.15258550605346488
23.06222915649414	1.000239901592985	9.89278449935266e-05	0.008315923556564186	-9.89278449935266e-05	1.000239901592985	-0.013534358089762
21.003246307373047	1.0001878154600123	7.070340604705872e-05	-0.10437335897783881	-7.070340604705872e-05	1.0001878154600123	0.028981441279124148
21.836280822753906	1.0003842529562843	-1.583252181433525e-05	-0.04976447343224666	1.583252181433525e-05	1.0003842529562843	-0.03358980219513952
21.21591567993164	0.9999646344553431	0.0002076618312470028	-0.019928843766701343	-0.0002076618312470028	0.9999646344553431	0.2773103107227768
21.95882797241211	1.0003188037663577	-0.00016834339753468098	-0.008602336119350145	0.00016834339753468098	1.0003188037663577	-0.14495603506714683
21.11673355102539	1.000029659052057	0.0003015254968365697	0.03346750471732751	-0.0003015254968365697	1.000029659052057	0.20197282490549973
21.297693252563477	0.9997072288936141	5.279361610612465e-05	0.2254395857333007	-5.279361610612465e-05	0.9997072288936141	0.28743526968950306
21.953582763671875	1.000905286462668	6.195692058767093e-05	-0.30442624309062516	-6.195692058767093e-05	1.000905286462668	-0.22953511529876058
20.972728729248047	1.0002653975849087	1.7795826895090515e-05	0.05311629203114454	-1.7795826895090515e-05	1.0002653975849087	0.01621557074561475
21.638870239257812	1.0004851301115676	-3.045185848000545e-05	-0.03506915784195448	3.045185848000545e-05	1.0004851301115676	-0.05989413423801543
21.18372917175293	1.0000550005801374	9.128111309925978e-05	0.13465210323731	-9.128111309925978e-05	1.0000550005801374	-0.1283561683171032
21.068811416625977	1.0000325421150766	0.0001228656483947719	0.2064419064263249	-0.0001228656483947719	1.0000325421150766	0.11157932496336773
21.634817123413086	1.0001169240244598	0.00010749435624134438	0.01957939025097412	-0.00010749435624134438	1.0001169240244598	-0.04048738908073825
20.998716354370117	1.0000397518489523	8.85890596626776e-06	0.1675576994721133	-8.85890596626776e-06	1.0000397518489523	-0.027445084438830314
21.811962127685547	0.999800891916829	7.266985902418304e-05	0.2256746272653934	-7.266985902418304e-05	0.999800891916829	0.07742701607640488
21.172285079956055	1.000001015707134	3.946221387135518e-05	0.1528367010689054	-3.946221387135518e-05	1.000001015707134	-0.02665463331516242
21.193981170654297	0.9999485831286056	-6.795998560606236e-05	0.04368606853062129	6.795998560606236e-05	0.9999485831286056	-0.10552416130841068
21.674633026123047	1.0001657690331682	-6.317105233512084e-06	0.0981040932794701	6.317105233512084e-06	1.0001657690331682	0.35060785908060127
20.93672752380371	1.0001815713354418	0.00012003172126566441	-0.038144865890456736	-0.00012003172126566441	1.0001815713354418	0.03708376072759914
21.78049087524414	1.0002166318841499	7.338289272055537e-05	-0.014055989704896087	-7.338289272055537e-05	1.0002166318841499	0.1280965444987373
21.052122116088867	1.0008163010353124	0.00021519391519368193	-0.2684918479933349	-0.00021519391519368193	1.0008163010353124	-0.0783568383895375
21.24333381652832	1.000412091921286	9.163636192850227e-05	-0.03913145787793282	-9.163636192850227e-05	1.000412091921286	0.11440288812182967
21.71945571899414	1.0001705676029846	-1.681863673883553e-05	-0.04273312527172413	1.681863673883553e-05	1.0001705676029846	0.17607143356992724
20.90144157409668	1.0003276288674288	-0.00010562832433893827	-0.0034550448399950917	0.00010562832433893827	1.0003276288674288	-0.05177625326316809
21.41261100769043	0.9999217133589082	-3.0322132562185836e-05	0.07496908255142593	3.0322132562185836e-05	0.9999217133589082	-0.038241073897098854
21.1179256439209	1.0001556052097502	-9.905231073045298e-05	0.08882462706465342	9.905231073045298e-05	1.0001556052097502	-0.22921838152227544
21.190643310546875	1.0007044840071524	9.129165824034566e-05	-0.09388059210443	-9.129165824034566e-05	1.0007044840071524	-0.0912125736082976
21.719932556152344	0.9997164099148141	-0.00010882702893213401	0.23126789722205957	0.00010882702893213401	0.9997164099148141	-0.17697906022216237
21.18706703186035	0.9998057019337885	1.0085311409486698e-05	0.2588832935684547	-1.0085311409486698e-05	0.9998057019337885	0.16158498332469737
21.616458892822266	1.0001497803173542	0.00010598473425809105	0.06193049546875	-0.00010598473425809105	1.0001497803173542	0.11438912184282246
21.18515968322754	0.9995760507393042	8.895745216366821e-05	0.19413832737973472	-8.895745216366821e-05	0.9995760507393042	0.18731638024539196
21.010875701904297	0.9996776703388908	0.00010362490064489888	0.10285894858038244	-0.00010362490064489888	0.9996776703388908	0.25139202200030847
21.628618240356445	0.9998550312892002	-0.00014195968756120593	0.08999794511581145	0.00014195968756120593	0.9998550312892002	0.2314890066718177
21.00229263305664	0.999452616688351	-3.89762111828728e-05	0.2337183326725974	3.89762111828728e-05	0.999452616688351	0.323481533227933
21.566390991210938	1.0002995910908268	-1.4517224928724216e-05	-0.20344620965791804	1.4517224928724216e-05	1.0002995910908268	0.07856103942563784
20.969390869140625	1.0000016833644887	-6.900616898679389e-06	0.0868053775449718	6.900616898679389e-06	1.0000016833644887	0.21235834458078365
22.71437644958496	1.000026609588412	-4.209022100175791e-05	0.03603973927343777	4.209022100175791e-05	1.000026609588412	0.10961550755425231
21.697998046875	0.9998641264985808	6.493779193545546e-05	0.0270176447986663	-6.493779193545546e-05	0.9998641264985808	0.09207692191803811
21.108150482177734	1.000156986776772	-5.887498943099301e-05	-0.023273600329470547	5.887498943099301e-05	1.000156986776772	-0.05715429254596903
25.84099769592285	1.0003693171742045	-3.183843590875423e-05	-0.08229323803387671	3.183843590875423e-05	1.0003693171742045	-0.03660034982336644
21.2554931640625	1.0003076479125337	-7.964319100837666e-05	-0.12848112421325347	7.964319100837666e-05	1.0003076479125337	-0.11761689107463277
21.18825912475586	1.0002489942515211	-3.455550741919877e-05	-0.11321612681027052	3.455550741919877e-05	1.0002489942515211	-0.08934511453133047
21.751880645751953	1.0012039422668635	-6.0965577341737985e-05	-0.43028257440479173	6.0965577341737985e-05	1.0012039422668635	-0.4021585979812134
21.180391311645508	1.0001052501675773	5.33383073607155e-05	-0.03458679869847613	-5.33383073607155e-05	1.0001052501675773	-0.10573715184696494
21.54994010925293	1.000289168612155	1.075158655140985e-05	-0.10288682949020087	-1.075158655140985e-05	1.000289168612155	-0.05543227879580655
20.734071731567383	1.0001468929209836	5.6569563894206035e-05	-0.13397577564381036	-5.6569563894206035e-05	1.0001468929209836	-0.012324024778494747
20.731449127197266	0.9998612692792878	-8.588892150996403e-05	0.10036941445075641	8.588892150996403e-05	0.9998612692792878	0.10499950913744915
21.21758460998535	1.0002581814926217	-6.69174681784809e-06	-0.10362449760767789	6.69174681784809e-06	1.0002581814926217	0.04360317927486823
20.920515060424805	0.9997786018580221	7.536674170214497e-05	0.1269187272514206	-7.536674170214497e-05	0.9997786018580221	0.30648329325601886
21.374940872192383	1.000134164035172	0.00011745663794753407	-0.04164202391398922	-0.00011745663794753407	1.000134164035172	0.016507265303314526
21.088123321533203	1.0000004380080767	-0.00017505107935786678	0.16125773382847625	0.00017505107935786678	1.0000004380080767	-0.031580138198395225
20.91240882873535	1.0001602691189218	-0.0001527085321652151	0.16516543710475637	0.0001527085321652151	1.0001602691189218	0.08766087822929187
21.779298782348633	1.0002697572835204	-0.00020751351818677131	0.1568652737508457	0.00020751351818677131	1.0002697572835204	-0.24312841518075415
21.1942195892334	1.000541139840171	0.00011254668991126916	-0.16440327805382127	-0.00011254668991126916	1.000541139840171	0.049477985996996376
22.74489402770996	1.0005576897468516	1.7952369136142938e-05	-0.09209819055855739	-1.7952369136142938e-05	1.0005576897468516	-0.41171984181474586
21.59595489501953	1.0000678293006253	-7.584457294890901e-05	0.03954290548109315	7.584457294890901e-05	1.0000678293006253	-0.06582635680635601
21.178722381591797	1.000051398797618	0.00012648362979972023	0.001346142457201993	-0.00012648362979972023	1.000051398797618	-0.07632386051255836
21.623611450195312	0.9999267882942137	0.0001934098269303783	-0.0017175025022168112	-0.0001934098269303783	0.9999267882942137	0.1102961103959687
20.952463150024414	1.0009192498763784	0.0004398760182032313	-0.36310620395703286	-0.0004398760182032313	1.0009192498763784	-0.0033802272750693696
20.948171615600586	1.0004218744022189	0.00013146361001977524	-0.16815438526161075	-0.00013146361001977524	1.0004218744022189	0.03514745511206087
21.463632583618164	0.9992151125278649	-7.015893050824778e-06	0.17757069881180884	7.015893050824778e-06	0.9992151125278649	0.20647367693416083
20.981311798095703	1.0000571260806919	-0.00021672718420699373	0.044028072461016365	0.00021672718420699373	1.0000571260806919	-0.06109672095319407
21.77906036376953	0.9996452252978753	0.0002013612925867098	0.051952983296896765	-0.0002013612925867098	0.9996452252978753	0.4068867140606281
21.091222763061523	1.0001725714171468	7.342913102003257e-05	-0.1585048124724515	-7.342913102003257e-05	1.0001725714171468	-0.00013413341846657545
21.12126350402832	1.000382365724155	6.608605428295175e-05	-0.16141298943026297	-6.608605428295175e-05	1.000382365724155	0.031274766340117166
21.35777473449707	0.9996894618091582	0.00018481003034485585	0.13805220663227358	-0.00018481003034485585	0.9996894618091582	0.1601318520004047
20.895719528198242	1.0003788118364583	5.282010448973341e-05	-0.2750508244696791	-5.282010448973341e-05	1.0003788118364583	-0.02597774856306372
21.418094635009766	0.9999993448499094	3.826772508961521e-06	-0.05102894850543806	-3.826772508961521e-06	0.9999993448499094	-0.12156044622408484
21.045446395874023	0.9999552003958734	-5.0293222689531665e-05	-0.08159808303599421	5.0293222689531665e-05	0.9999552003958734	-0.18457909943680242
21.090984344482422	1.000111940916975	-0.0001744220701691301	-0.2365784228419824	0.0001744220701691301	1.000111940916975	-0.2827716974335469
21.417617797851562	0.9997185089683673	-0.00018849824563641057	-0.061998261194993715	0.00018849824563641057	0.9997185089683673	-0.1935680806986169
20.9805965423584	0.9999758325547489	-2.5826243662483934e-05	-0.10653324268502011	2.5826243662483934e-05	0.9999758325547489	-0.10149420495260034
21.52538299560547	0.9997760307444125	-4.525323684656746e-05	-0.154795567058066	4.525323684656746e-05	0.9997760307444125	-0.2696711024651031
20.74742317199707	1.0002267770498954	-2.1707147026610627e-05	-0.18085991909522187	2.1707147026610627e-05	1.0002267770498954	-0.12076589556449936
21.059036254882812	1.0001128508016286	4.8773302759059416e-05	-0.15547778185310088	-4.8773302759059416e-05	1.0001128508016286	-0.14836395609146955
21.223068237304688	0.9997692951179937	-9.251576161591205e-05	-0.007328104818761283	9.251576161591205e-05	0.9997692951179937	-0.07873829013987237
20.75934410095215	0.9996379670882989	-0.00018939378646115634	0.06934987396866493	0.00018939378646115634	0.9996379670882989	-0.05519795409355022
20.920276641845703	0.9998252986402737	2.7457883860698435e-05	0.0862030419930011	-2.7457883860698435e-05	0.9998252986402737	0.12229692658789443
20.66349983215332	0.9998889771990399	1.7125463820382336e-05	-0.015988806039931802	-1.7125463820382336e-05	0.9998889771990399	0.09663519634335432
20.888328552246094	0.9996797826235563	-0.00013187005875893996	0.049798762111796444	0.00013187005875893996	0.9996797826235563	-0.12839431492820821
20.966768264770508	0.9991556738548916	-0.0002601020625121386	0.31550232914857423	0.0002601020625121386	0.9991556738548916	0.2833807511359607
21.015167236328125	0.9995882018824762	-9.111847153365205e-05	0.15216495639196764	9.111847153365205e-05	0.9995882018824762	-0.18339391011448875
21.256446838378906	0.9990428744911943	-0.0002505416477646015	0.23801352001193932	0.0002505416477646015	0.9990428744911943	0.1539945409471373
20.877361297607422	0.9997742921749762	0.00015695243370362228	0.03766305037377826	-0.00015695243370362228	0.9997742921749762	0.04911393602067164
20.90167999267578	0.9995066010818083	-2.1479039915707487e-05	0.11258762160157844	2.1479039915707487e-05	0.9995066010818083	0.1896391100734772
21.36540412902832	0.9993657913827613	4.294777914380546e-05	0.09091973178812068	-4.294777914380546e-05	0.9993657913827613	0.2361649263132346
20.806550979614258	0.9991811810951677	7.302623350534791e-06	0.23589816233397068	-7.302623350534791e-06	0.9991811810951677	0.32346867665565465
21.23570442199707	0.9989802775951585	9.711118755512127e-05	0.24254810388953393	-9.711118755512127e-05	0.9989802775951585	0.40978435501597
20.839691162109375	0.999834694643657	-3.106485338524402e-05	-0.04276909680834549	3.106485338524402e-05	0.999834694643657	0.04823250780409337
20.84946632385254	0.9996090007467946	7.341147573465957e-05	-0.027885387141490137	-7.341147573465957e-05	0.9996090007467946	0.2838242427086757
21.134138107299805	0.999854035859511	4.943759118500501e-05	-0.16910913914949785	-4.943759118500501e-05	0.999854035859511	0.012105147845003874
20.9047794342041	0.9998362127313467	-2.1858861585227418e-05	-0.03834653914172606	2.1858861585227418e-05	0.9998362127313467	0.20512988608692398
21.208763122558594	0.9991560753190194	-0.00013107493647088715	0.3585050449616904	0.00013107493647088715	0.9991560753190194	0.12085045572200781
20.82514762878418	0.9994726695951621	-0.000102079226528361	0.06311237895086785	0.000102079226528361	0.9994726695951621	0.13424523909634717
20.902633666992188	0.9999889356874548	0.0001371396277170091	-0.1256750649611521	-0.0001371396277170091	0.9999889356874548	0.07827162432719847
21.18968963623047	0.9994824548593421	9.922080298055282e-05	0.15909711008505364	-9.922080298055282e-05	0.9994824548593421	0.3257637590266683
20.80845832824707	0.9998245533286805	8.344809603094393e-05	-0.19631034435356554	-8.344809603094393e-05	0.9998245533286805	0.0021612154691878493
21.401643753051758	0.999211859634251	0.00018307958709999026	0.26038565050086676	-0.00018307958709999026	0.999211859634251	0.5438317127869489
21.042585372924805	0.9996220324517907	7.5474091654609e-05	0.08216131912152545	-7.5474091654609e-05	0.9996220324517907	-0.049090045954212985
20.766496658325195	0.99980233990045	0.00010425376368260304	0.0011559136907605448	-0.00010425376368260304	0.99980233990045	0.07025467141997459
21.120786666870117	0.999486375338848	9.013032723724393e-05	0.12513051097886585	-9.013032723724393e-05	0.999486375338848	0.13715032504511615
20.43747901916504	0.9992613750103883	7.062182021861139e-05	0.20227729722057952	-7.062182021861139e-05	0.9992613750103883	0.26681487195901155
21.138429641723633	0.9994602990594477	0.00013078803916751643	0.3603822348141622	-0.00013078803916751643	0.9994602990594477	0.34218068154387576
20.624637603759766	0.9999733900783072	2.2755264502860378e-05	-0.004260272240228999	-2.2755264502860378e-05	0.9999733900783072	-0.06700241968927817
20.67089080810547	1.000687937132817	0.00010416624780753317	-0.23975300282046408	-0.00010416624780753317	1.000687937132817	-0.1001229221922005
21.091461181640625	0.999881237215675	2.207688209012436e-05	0.11337357328648882	-2.207688209012436e-05	0.999881237215675	-0.12866730705441046
20.696401596069336	1.000100537779396	8.367565462626222e-05	-0.06634492017066643	-8.367565462626222e-05	1.000100537779396	-0.09571501259220981
21.892070770263672	1.0005182061139768	9.86599884781008e-05	-0.24185657959426976	-9.86599884781008e-05	1.0005182061139768	-0.07295641790913218
20.51067352294922	0.9999272516465677	-3.4698808187090085e-05	0.03509932374932041	3.4698808187090085e-05	0.9999272516465677	0.011181664824083124
20.529985427856445	1.000035869383624	-8.653982150769537e-05	-0.07492374825965083	8.653982150769537e-05	1.000035869383624	-0.0701852969414307
21.34537696838379	0.9996826464846202	-0.0002858504411108785	0.1253634320154912	0.0002858504411108785	0.9996826464846202	-0.09039233109634594
20.984172821044922	1.000203689468907	3.851077330009448e-05	-0.1534851081913441	-3.851077330009448e-05	1.000203689468907	0.32477247507907997
21.183490753173828	1.0003088637768371	0.0001462484158309243	-0.1878643138801602	-0.0001462484158309243	1.0003088637768371	-0.05880160621056957
20.87879180908203	1.0001888448686018	0.00015110595880144586	-0.200887230873666	-0.00015110595880144586	1.0001888448686018	0.09067216525942745
21.018266677856445	1.0004256318590665	3.0176206342750345e-05	-0.30277130091158583	-3.0176206342750345e-05	1.0004256318590665	-0.25150854281282664
21.04473114013672	1.0002967118162471	-8.951082229496678e-05	-0.16548414779938103	8.951082229496678e-05	1.0002967118162471	0.05385431446318676
20.420551300048828	1.0002017666718404	5.262962470208349e-06	-0.17400801133241006	-5.262962470208349e-06	1.0002017666718404	-0.06636754643142226
20.989656448364258	0.9998035574516374	-4.401905173923597e-05	-0.2118419087741325	4.401905173923597e-05	0.9998035574516374	0.2767032513582112
20.717382431030273	1.0001499273364918	1.285815565186556e-05	-0.155125123898109	-1.285815565186556e-05	1.0001499273364918	-0.059762147711079905
20.572423934936523	1.000158301324583	0.0001417098539343014	-0.3255353916332906	-0.0001417098539343014	1.000158301324583	0.12387195430204669
21.022319793701172	0.999702633056784	3.904060438890666e-05	-0.25342691205037304	-3.904060438890666e-05	0.999702633056784	0.06323457853359646
20.506858825683594	1.000007149674248	-6.87414035422063e-05	-0.2365905181398217	6.87414035422063e-05	1.000007149674248	0.00260569253395242
21.19898796081543	0.9998740402432146	-0.0002408134344373602	-0.09851668781772849	0.0002408134344373602	0.9998740402432146	0.03613136209341532
20.77770233154297	1.0002857746334834	-6.172068705447145e-05	-0.362815338839524	6.172068705447145e-05	1.0002857746334834	-0.030235146076962746
20.81441879272461	1.0001034199713472	-0.00027240337243404194	-0.1952565891773203	0.00027240337243404194	1.0001034199713472	0.0638865772216446
24.255990982055664	1.0002788617911351	-0.0003849532722350885	-0.25724023646989447	0.0003849532722350885	1.0002788617911351	-0.29084294656554177
20.813465118408203	1.0005726860652975	-0.00017936671984094204	-0.3733223215240329	0.00017936671984094204	1.0005726860652975	-0.09913028137750368
20.943880081176758	1.0004482726659392	-0.00036087957128751473	-0.3383314315566438	0.00036087957128751473	1.0004482726659392	-0.37090835498963454
20.617008209228516	1.0004580601605473	-6.93121360861548e-05	-0.3172339402488399	6.93121360861548e-05	1.0004580601605473	-0.1966086901526746
20.560741424560547	1.000506800630823	-6.1368482134405e-05	-0.19379720509184656	6.1368482134405e-05	1.000506800630823	-0.12067592832285608
20.86043357849121	1.0006316810642542	5.984355744330938e-05	-0.36217722296502675	-5.984355744330938e-05	1.0006316810642542	-0.1627106623264663
20.37215232849121	1.000314089738611	0.00013324648951210222	-0.10129136281740386	-0.00013324648951210222	1.000314089738611	-0.14818494089968853
20.814180374145508	0.9999865162867794	0.00024019070686445883	0.001959035502279091	-0.00024019070686445883	0.9999865162867794	0.2450108224266554
20.602703094482422	1.00003975028396	0.00023858947800918024	0.018551875329764655	-0.00023858947800918024	1.00003975028396	0.0905488760204575
20.612001419067383	0.9999896871548143	0.0002114275993389176	0.024746665188966177	-0.0002114275993389176	0.9999896871548143	0.07813461084118245
21.37589454650879	1.000131454079579	0.0001450036910643421	-0.07302782425828609	-0.0001450036910643421	1.000131454079579	0.28765243062497603
20.607709884643555	0.9998463400718051	7.12439474326561e-05	0.1047211810739144	-7.12439474326561e-05	0.9998463400718051	0.21274337360498022
20.717144012451172	0.9998540923958241	5.563932388264252e-05	0.011911111899230706	-5.563932388264252e-05	0.9998540923958241	0.3071523879449408
20.937681198120117	0.9996652990190185	-5.381683177031838e-05	0.20820639578559905	5.381683177031838e-05	0.9996652990190185	0.11758998727379655
20.65300941467285	0.9998746753191923	5.768236541101953e-05	0.07623698155947553	-5.768236541101953e-05	0.9998746753191923	0.24138528548812804
21.006345748901367	0.9995020037312294	-4.407615363145253e-07	0.2953096545973312	4.407615363145253e-07	0.9995020037312294	0.15985700061883779
20.61605453491211	1.000594817692354	0.00013585825148096993	-0.23875025553370932	-0.00013585825148096993	1.000594817692354	-0.17276220257263286
20.7979679107666	0.9995796633481845	0.0001386302701877251	0.20363929535008218	-0.0001386302701877251	0.9995796633481845	0.3931249457458356
21.297216415405273	0.9997272007561606	0.00013406728937185095	0.13173189134995614	-0.00013406728937185095	0.9997272007561606	0.014858986030539393
20.772218704223633	0.9997886757455282	0.00019231303240119894	0.0705480668954915	-0.00019231303240119894	0.9997886757455282	0.49378105626645874
20.780324935913086	0.9995811484255337	0.00026696709407817635	0.12574708300628495	-0.00026696709407817635	0.9995811484255337	0.2525874340851939
20.560026168823242	0.9995780190895214	0.0002125488787352647	0.08835291644013799	-0.0002125488787352647	0.9995780190895214	0.33490691175047255
20.542383193969727	0.9997049658380273	0.00020198788297703376	0.06399159028544833	-0.00020198788297703376	0.9997049658380273	0.21599265081554217
20.823240280151367	0.9993982035880047	0.000283541932182672	0.10079552836505455	-0.000283541932182672	0.9993982035880047	0.4184715194277082
20.48635482788086	1.0000888941131556	0.00021568944935471384	-0.10864035131536887	-0.00021568944935471384	1.0000888941131556	0.2517423761489989
20.956993103027344	1.0004995707443616	5.535033027468052e-06	-0.2564160410627661	-5.535033027468052e-06	1.0004995707443616	0.00611756926471672
20.84970474243164	0.9997463028774262	-0.00019136055023341036	0.04529495944238738	0.00019136055023341036	0.9997463028774262	0.2649339523151135
20.75481414794922	0.9999012843549387	-0.00021768679446850745	0.0929896802213312	0.00021768679446850745	0.9999012843549387	-0.2053902513520649
20.955562591552734	1.0009265443050694	-4.7610169047691305e-05	-0.3904385121448149	4.7610169047691305e-05	1.0009265443050694	-0.06713030716589023
20.546913146972656	0.9997106540920961	-0.00033288669929996647	0.10075232473753809	0.00033288669929996647	0.9997106540920961	-0.04559982438428577
21.197080612182617	0.9994940972953434	-0.00037308884249772137	0.3135252376118301	0.00037308884249772137	0.9994940972953434	0.22691710974541823
20.753145217895508	0.9998535351436431	-6.651540161007862e-05	0.02463726694920576	6.651540161007862e-05	0.9998535351436431	0.0879927949637581
20.71690559387207	0.9998738911251853	8.511033663196276e-05	-0.025923477708300613	-8.511033663196276e-05	0.9998738911251853	0.11434257607775283
20.82061767578125	0.999925216491827	0.00023482694153870095	-0.04112759315016064	-0.00023482694153870095	0.999925216491827	0.14459614082998332
20.563602447509766	1.0000680424769361	0.00016272934932183523	-0.11057946785308025	-0.00016272934932183523	1.0000680424769361	0.07054470081296328
21.0723876953125	1.0009117328515582	0.0003741724094561054	-0.4296515709149692	-0.0003741724094561054	1.0009117328515582	-0.15450094368126396
20.758390426635742	1.0000218374417262	0.00016999026334632583	-0.017501266440003757	-0.00016999026334632583	1.0000218374417262	0.10550801262440399
20.680904388427734	0.9999769842422576	0.00013156840570686804	0.05587429178906065	-0.00013156840570686804	0.9999769842422576	-0.017819284577342203
20.994901657104492	0.9995971687081328	5.471356142787475e-05	0.13964513799745742	-5.471356142787475e-05	0.9995971687081328	0.22444346776252472
20.5228328704834	0.9999654759321736	8.559032461530314e-06	0.005419812075848074	-8.559032461530314e-06	0.9999654759321736	0.0729319921925432
21.0726261138916	1.0000250302443907	-6.2015478055866765e-06	0.034463787479081964	6.2015478055866765e-06	1.0000250302443907	0.17363135476474956
20.60723304748535	1.0001294095892959	-8.064633613529318e-05	0.02727153356883185	8.064633613529318e-05	1.0001294095892959	0.04207287419344256
20.573854446411133	1.0003051933102758	-0.00013108652511055572	-0.23908770364622794	0.00013108652511055572	1.0003051933102758	-0.08684858370894166
25.225400924682617	1.0005239062170483	5.803013208168627e-06	-0.2955195732904882	-5.803013208168627e-06	1.0005239062170483	-0.014055180183421766
20.717144012451172	1.0003484470581276	6.6446426924808e-05	-0.15585384774476574	-6.6446426924808e-05	1.0003484470581276	0.03099118360651727
21.15011215209961	1.0001644434137422	0.0001746281353671434	-0.2197723053571657	-0.0001746281353671434	1.0001644434137422	0.06654561684778061
20.5075740814209	1.0001422641617734	0.00015022570536737823	-0.037942675070025175	-0.00015022570536737823	1.0001422641617734	0.057040257998558136
20.565509796142578	1.0002195228373432	0.00016995211444787524	-0.1593346145794889	-0.00016995211444787524	1.0002195228373432	0.06041213061072859
21.018028259277344	1.000973591882987	0.00023366270860045255	-0.393342180224986	-0.00023366270860045255	1.000973591882987	-0.26301311848745623
20.585298538208008	1.000275469684057	0.0001006299522478887	-0.1350773307070008	-0.0001006299522478887	1.000275469684057	-0.044925895570996466
21.0421085357666	1.000961247305031	0.0002733203808138356	-0.4479778114120434	-0.0002733203808138356	1.000961247305031	-0.07187933862019102
20.898818969726562	1.0010058453873354	0.00023123119958191494	-0.49970341543615726	-0.00023123119958191494	1.0010058453873354	-0.41137260659856456
20.666122436523438	1.0002934988235344	8.222501711257983e-05	-0.13656175591621394	-8.222501711257983e-05	1.0002934988235344	0.10439201352797223
20.846843719482422	1.000461871798546	0.00013648272862698278	-0.169848947277758	-0.00013648272862698278	1.000461871798546	-0.03591719350787455
23.164749145507812	1.0003136285447845	2.1268120328909102e-05	0.021232199348670613	-2.1268120328909102e-05	1.0003136285447845	0.14791222114910071
20.905256271362305	1.0009010519131003	-1.6149593143704607e-06	-0.35214702321409025	1.6149593143704607e-06	1.0009010519131003	-0.29620223058188655
20.51234245300293	1.0004349149586356	1.5879055446162484e-05	-0.15139008000556795	-1.5879055446162484e-05	1.0004349149586356	0.021280697028105935
20.51377296447754	1.0005634351382844	7.808198979727485e-05	-0.25481840955473467	-7.808198979727485e-05	1.0005634351382844	-0.07801453399910643
20.755767822265625	1.0005398991626835	7.082098855238984e-05	-0.2588379542308391	-7.082098855238984e-05	1.0005398991626835	-0.10118047060003019
20.710229873657227	1.0010098497461308	0.0003015419301497333	-0.5349128794781626	-0.0003015419301497333	1.0010098497461308	0.08062848472527984
21.167755126953125	1.0006590669299216	0.00014869363248401897	-0.34113932060045027	-0.00014869363248401897	1.0006590669299216	-0.40741147239017816
20.802736282348633	1.0003374556563034	0.00012759185836936688	-0.10278712050438688	-0.00012759185836936688	1.0003374556563034	0.12622745408745528
20.70450782775879	1.0004012893398924	0.0001369075350391861	-0.16909930429636386	-0.0001369075350391861	1.0004012893398924	-0.23898182327407544
20.95770835876465	1.0003719745475284	0.00018931194234059705	-0.18379893163658334	-0.00018931194234059705	1.0003719745475284	-0.03003821053157281
20.46680450439453	1.0003960756007306	0.00012298228713130077	-0.08858020174056064	-0.00012298228713130077	1.0003960756007306	-0.18282250406555256
20.930051803588867	1.0006577590418309	7.139728479268124e-05	-0.17752062456776155	-7.139728479268124e-05	1.0006577590418309	-0.3724980047406983
20.71356773376465	1.0004530016431827	4.455833829197611e-06	-0.19177835984786312	-4.455833829197611e-06	1.0004530016431827	0.028270754271504123
20.693540573120117	1.00030048711965	-9.200483434198806e-05	0.10692402465357927	9.200483434198806e-05	1.00030048711965	-0.33767433674190517
20.943403244018555	1.0006976627842248	-7.457725641999432e-05	-0.2589824973567242	7.457725641999432e-05	1.0006976627842248	-0.07899054736518345
20.699262619018555	1.000563130635768	-1.4083741910743726e-05	-0.07905320786742151	1.4083741910743726e-05	1.000563130635768	-0.25552167111463575
20.757675170898438	1.0001114938413607	-0.0001890611323982072	0.09000451477310743	0.0001890611323982072	1.0001114938413607	0.08267440999160469
20.596981048583984	1.0005231586659729	-6.157202924124743e-05	-0.06999216451663606	6.157202924124743e-05	1.0005231586659729	-0.21209437161650319
22.037982940673828	1.0005888184171616	3.3557770614319214e-05	-0.2640741225021227	-3.3557770614319214e-05	1.0005888184171616	-0.026400065601326683
20.856618881225586	1.0005210407618848	0.0001371150294838737	-0.1732287578756179	-0.0001371150294838737	1.0005210407618848	-0.009513880670815239
20.464658737182617	1.000659183051857	0.00011184501336570284	-0.24266967878046347	-0.00011184501336570284	1.000659183051857	-0.07420365903772305
20.817279815673828	1.0006578273213882	0.00035684181831586916	-0.24191563963363494	-0.00035684181831586916	1.0006578273213882	-0.09833219801783866
20.446300506591797	1.0004111823238717	0.00014754857588075964	-0.1668577994092219	-0.00014754857588075964	1.0004111823238717	-0.20544221574787994
20.71833610534668	1.0004152124342014	0.00023209494485748258	-0.17383345988201293	-0.00023209494485748258	1.0004152124342014	0.06084150958024098
20.84660530090332	1.0007706801826384	0.0002010264870356095	-0.38857860039844194	-0.0002010264870356095	1.0007706801826384	-0.4365556426302534
20.435571670532227	1.000551092675705	0.0001476411222924559	-0.21466550403766835	-0.0001476411222924559	1.000551092675705	-0.06002535479336868
20.914077758789062	1.0007226151775837	0.00014197505024766933	-0.19108838644174755	-0.00014197505024766933	1.0007226151775837	-0.05958658464511746
20.41029930114746	1.0006884012902775	2.881522760530019e-06	-0.2335695616840513	-2.881522760530019e-06	1.0006884012902775	-0.24925586139152173
20.244359970092773	1.000612869120946	-1.5545166920060274e-05	-0.1276941416910354	1.5545166920060274e-05	1.000612869120946	-0.1155702216263171
20.720958709716797	1.0009412380671634	-3.3652670406125696e-05	-0.29348473309442513	3.3652670406125696e-05	1.0009412380671634	-0.2129724472561108
20.2178955078125	1.0008965499053075	2.248024817495006e-06	-0.3804198664771674	-2.248024817495006e-06	1.0008965499053075	-0.1788719444153719
20.831584930419922	1.0013944582059375	5.14396653605952e-05	-0.4697251818328054	-5.14396653605952e-05	1.0013944582059375	-0.3803431595405594
20.217180252075195	1.000766709022858	7.990992118726268e-05	-0.3181887513243977	-7.990992118726268e-05	1.000766709022858	-0.06241135170378844
20.2789306640625	1.00080219373284	0.0001627864812977011	-0.4039022339319596	-0.0001627864812977011	1.00080219373284	-0.13117816337934132
20.661354064941406	1.001143919421993	0.00023902197191860426	-0.6071220088941354	-0.00023902197191860426	1.001143919421993	-0.3929621002241977
20.40243148803711	1.0008190781565443	0.00022724479409470957	-0.39228008646961265	-0.00022724479409470957	1.0008190781565443	-0.0778590804939714
22.300243377685547	1.000539918128545	0.00035480278901856336	-0.20351338953155726	-0.00035480278901856336	1.000539918128545	-0.15165126929753195
20.240068435668945	1.0005497416762443	0.0003290884278065485	-0.1885292349393568	-0.0003290884278065485	1.0005497416762443	-0.09055310779553964
20.345211029052734	1.0006479726556516	0.0003639725858244272	-0.24447620043709584	-0.0003639725858244272	1.0006479726556516	-0.05869509319235133
20.66659927368164	1.0008417902914697	0.00024256752754257712	-0.402894646573151	-0.00024256752754257712	1.0008417902914697	-0.10256722283913233
20.476579666137695	1.000822357811555	0.0001748019681645073	-0.37226740773039324	-0.0001748019681645073	1.000822357811555	-0.1928437264769637
20.634889602661133	1.0006769876835224	2.292546247006118e-05	-0.265022963864277	-2.292546247006118e-05	1.0006769876835224	-0.10714845853738703
20.966529846191406	0.9998683844709337	-8.791310039110259e-05	0.05375055772325464	8.791310039110259e-05	0.9998683844709337	0.025529451772614946
20.656585693359375	1.000703195814862	0.00012880052428805068	-0.31796388699354494	-0.00012880052428805068	1.000703195814862	-0.004217992185698238
20.85399627685547	1.0012907266437339	9.456192276116951e-05	-0.40879546863089855	-9.456192276116951e-05	1.0012907266437339	-0.3054352094004851
20.482778549194336	1.0007146023858176	7.960291157335588e-05	-0.2477974412823206	-7.960291157335588e-05	1.0007146023858176	-0.02493097369063252
20.5690860748291	1.0009103770318868	2.7304073292689756e-05	-0.38124858678058726	-2.7304073292689756e-05	1.0009103770318868	-0.3442501324470242
20.84064483642578	1.0007969952147786	-1.7017189580452163e-05	-0.3316736423719322	1.7017189580452163e-05	1.0007969952147786	-0.16310592829052586
20.31731605529785	1.0005548486253077	7.44664085954547e-05	-0.20083079445044463	-7.44664085954547e-05	1.0005548486253077	-0.15104961561394314
20.619869232177734	1.0005104204386088	-0.0001442178303004399	-0.1950964708139678	0.0001442178303004399	1.0005104204386088	-0.23332082764687245
20.42245864868164	1.0004094537759334	0.0002806247347934874	-0.14205528517759541	-0.0002806247347934874	1.0004094537759334	-0.18355603619700642
20.528078079223633	1.0004260015751212	0.00018825823113961622	-0.2183647570700041	-0.00018825823113961622	1.0004260015751212	-0.2266138386521703
20.729541778564453	1.0005428259445779	0.0005382438339181106	-0.19183822640471698	-0.0005382438339181106	1.0005428259445779	-0.023924349257827715
20.55978775024414	1.0004361091710787	0.00042701340914089457	-0.20245291207054983	-0.00042701340914089457	1.0004361091710787	0.07756005402363311
22.36461639404297	1.0006260929713486	0.0004401863468072901	-0.27895556443956576	-0.0004401863468072901	1.0006260929713486	0.13021934878956948
20.309925079345703	1.000643371111454	0.00026943777348933105	-0.2791030031535664	-0.00026943777348933105	1.000643371111454	0.02473047389181282
20.467042922973633	1.0006093408823573	0.00021667629343791889	-0.2872199564815847	-0.00021667629343791889	1.0006093408823573	-0.0358833071845853
20.76101303100586	1.000164862888464	1.2045316887588488e-05	-0.02940418630578186	-1.2045316887588488e-05	1.000164862888464	0.09129122284909678
20.348072052001953	1.0008507196796017	0.00019013517114376986	-0.34658344140575853	-0.00019013517114376986	1.0008507196796017	-0.16077903808459443
20.763397216796875	1.0012452530331952	7.947258763193956e-05	-0.5077399609004062	-7.947258763193956e-05	1.0012452530331952	-0.15101429839360692
20.473480224609375	1.000872930579219	-4.179260208160577e-05	-0.3335309744554162	4.179260208160577e-05	1.000872930579219	-0.1954942896613673
20.63608169555664	1.000719798933361	3.4767496056203277e-05	-0.26998832421434193	-3.4767496056203277e-05	1.000719798933361	0.05662409404057796
21.252870559692383	1.0006292889444477	0.00016102343894361967	-0.24191481900023237	-0.00016102343894361967	1.0006292889444477	-0.446124547352851
20.703792572021484	1.000689850014385	6.0032652741835745e-05	-0.28135290756240416	-6.0032652741835745e-05	1.000689850014385	0.07869842597519919
21.329641342163086	1.0005446405843597	0.0003230887355020694	-0.24411136102377123	-0.0003230887355020694	1.0005446405843597	-0.39762034825433146
20.769357681274414	1.0011311848955018	0.00043990721199087485	-0.5850762904543274	-0.00043990721199087485	1.0011311848955018	-0.013920719542345528
20.47419548034668	1.0012615999496628	0.0006171805458328655	-0.4777362673080655	-0.0006171805458328655	1.0012615999496628	-0.1069041665009019
20.894527435302734	1.0011248472608048	0.00024799416483105996	-0.48586813829026504	-0.00024799416483105996	1.0011248472608048	-0.3998091185716142
20.487070083618164	1.0013532006808492	0.0005182604204302947	-0.4745201309782464	-0.0005182604204302947	1.0013532006808492	-0.037246563314373926
21.097183227539062	0.9999552508871988	8.516284686338142e-05	-0.14277637587650951	-8.516284686338142e-05	0.9999552508871988	0.05813851792353258
20.47443389892578	1.001431454995873	0.00016453148667202772	-0.5369574849844977	-0.00016453148667202772	1.001431454995873	-0.2991905556109793
20.47586441040039	1.0013757404282775	0.00015997012547845022	-0.5350946424760042	-0.00015997012547845022	1.0013757404282775	-0.17045506224494564
22.327661514282227	1.0009742616896407	0.00019460204605451244	-0.42166433715205476	-0.00019460204605451244	1.0009742616896407	-0.23780411716720085
20.525455474853516	1.0014404047127232	0.00026330635681784214	-0.5612495437897758	-0.00026330635681784214	1.0014404047127232	-0.12563054564705034
20.840883255004883	1.0007813682773146	-9.685379713344107e-05	-0.2510253287568453	9.685379713344107e-05	1.0007813682773146	-0.3412467487226104
20.52617073059082	1.001183128837441	0.00020933465800273795	-0.40677455056358497	-0.00020933465800273795	1.001183128837441	-0.029901589720896404
20.788908004760742	1.000913564771225	0.0002796344929006167	-0.39555268240662417	-0.0002796344929006167	1.000913564771225	-0.37726163691496545
21.117448806762695	1.0008625802214168	0.0006417596209957889	-0.3711435960916073	-0.0006417596209957889	1.0008625802214168	0.055040763692518535
20.327091217041016	1.0005421026149401	0.00014350931275250553	-0.259372406514206	-0.00014350931275250553	1.0005421026149401	-0.19169834136769046
20.474672317504883	1.0007651783927722	0.0006213230971106702	-0.3497284676123662	-0.0006213230971106702	1.0007651783927722	-0.017755187842210918
20.02239227294922	1.000433407155941	0.0004092719948654961	-0.2640378687342809	-0.0004092719948654961	1.000433407155941	-0.024867338359410428
20.144939422607422	1.0004089582951512	0.00040940023992708507	-0.2184913241414684	-0.00040940023992708507	1.0004089582951512	-0.04760807307801811
20.679235458374023	1.0006620453412287	0.0002108457556185952	-0.339647451928142	-0.0002108457556185952	1.0006620453412287	0.07637667891972155
20.11561393737793	1.0004150626280048	-0.00015447211601554971	-0.10911326530382925	0.00015447211601554971	1.0004150626280048	-0.1661565706130062
20.450353622436523	1.000772007985147	-0.000368267358859133	-0.21662404319090262	0.000368267358859133	1.000772007985147	-0.08689019405186091
20.262479782104492	1.0004663781592809	-0.00043258099824458786	0.012074057678149086	0.00043258099824458786	1.0004663781592809	-0.17135625710015756
20.10178565979004	1.0005124110681276	-0.0004898282690626675	-0.08256353577527113	0.0004898282690626675	1.0005124110681276	-0.29423323771173715
20.62535285949707	1.0007047658687718	-0.0005585247122778285	0.0454618727949824	0.0005585247122778285	1.0007047658687718	-0.19548620619828325
20.128488540649414	1.000095294329751	-0.00029733351660666163	-0.01141311856880774	0.00029733351660666163	1.000095294329751	-0.1652172573691569
20.594120025634766	0.9999889339458325	-0.00012282251207470216	0.07886124141071382	0.00012282251207470216	0.9999889339458325	-0.04530137767044584
21.775007247924805	0.9998425707110628	2.6686692612085057e-05	-0.025347091683368003	-2.6686692612085057e-05	0.9998425707110628	0.036690022546439736
20.267724990844727	0.9998086759466762	3.736664486343569e-05	0.0910274873686688	-3.736664486343569e-05	0.9998086759466762	-0.010152878082016934
20.63775062561035	0.9998240561067355	3.858948255606752e-05	0.040681977690017614	-3.858948255606752e-05	0.9998240561067355	0.22920940654410346
20.357608795166016	0.9998743162778037	-1.290196575886172e-05	0.14466547572288838	1.290196575886172e-05	0.9998743162778037	-0.08518441369862968
20.607471466064453	0.9998197255509557	0.00013243303308702276	-0.05330604575883707	-0.00013243303308702276	0.9998197255509557	0.26330543237459214
20.576953887939453	1.000051462625683	-2.835080981584395e-05	0.028761647295918027	2.835080981584395e-05	1.000051462625683	-0.24444085488627387
20.35665512084961	0.9999381254994437	1.7573706894761977e-05	0.03170973892273414	-1.7573706894761977e-05	0.9999381254994437	0.2856737806860185
20.64347267150879	1.0001804223116073	4.9758410041563834e-05	0.02672899411313285	-4.9758410041563834e-05	1.0001804223116073	-0.16740293650581115
20.034313201904297	0.9999803414091212	-8.457578008636429e-05	-0.004268078679807266	8.457578008636429e-05	0.9999803414091212	-0.02469323926254255
20.44534683227539	1.000035230200265	-8.703092249933361e-05	0.08837259162989432	8.703092249933361e-05	1.000035230200265	0.21218413236395683
20.085811614990234	0.9999896217222041	-9.584872081692417e-05	0.06197863321601753	9.584872081692417e-05	0.9999896217222041	-0.10793463748977544
20.2329158782959	1.0001169752985628	-7.773562544999191e-05	-0.04714271028503431	7.773562544999191e-05	1.0001169752985628	0.02369191679911977
20.55501937866211	1.0001461979945137	-0.0002978855408584928	0.16454736663267883	0.0002978855408584928	1.0001461979945137	-0.19949555902442526
20.374536514282227	1.0003335391045458	-0.000160359373452911	-0.07976782880904977	0.000160359373452911	1.0003335391045458	-0.052175558789203165
20.685672760009766	1.0001130681481276	-0.0004046249907963381	0.0635050348418323	0.0004046249907963381	1.0001130681481276	-0.24901109152480233
20.470619201660156	1.000613588595338	-0.0004297545226012064	-0.07803427867882007	0.0004297545226012064	1.000613588595338	-0.35997233808869433
20.879745483398438	1.0006521956072336	-0.0005217895256973159	-0.06117701165186599	0.0005217895256973159	1.0006521956072336	-0.4225223034950848
22.937774658203125	0.9996820508466457	-0.00023288271323695754	0.1409984032444251	0.00023288271323695754	0.9996820508466457	0.09528938710375859
22.248506546020508	1.0002175582829127	-2.6596076038851472e-05	0.031695722163323226	2.6596076038851472e-05	1.0002175582829127	-0.04646980862270467
22.037982940673828	0.9995460374039399	-0.00026088881281745	0.24485212291909858	0.00026088881281745	0.9995460374039399	-0.055693585403906065
20.813465118408203	1.0004851237431347	0.00014118262857318523	-0.2740436393896347	-0.00014118262857318523	1.0004851237431347	0.18879434452143073
20.605087280273438	1.0003184739042292	9.412625662947048e-05	-0.24750637091776734	-9.412625662947048e-05	1.0003184739042292	-0.24398981788284613
20.7672119140625	1.000377143177592	0.0001892571924463312	-0.07784357373201711	-0.0001892571924463312	1.000377143177592	0.1484121479702536
20.554065704345703	1.000314226443829	0.0002584616792702207	-0.29372559859084413	-0.0002584616792702207	1.000314226443829	0.0721359802452448
20.96867561340332	0.9997230904692816	-6.084507176613282e-05	0.178139421822701	6.084507176613282e-05	0.9997230904692816	0.3131405088375685
20.45440673828125	0.9999328620552346	-1.4298616035234744e-05	-0.05685180060605865	1.4298616035234744e-05	0.9999328620552346	-0.05490829093563264
20.269155502319336	0.9998652114494976	-0.0001247786518428167	0.05442969820022889	0.0001247786518428167	0.9998652114494976	-0.04732900001899184
20.74408531188965	0.9998272507708118	-3.528895906734973e-05	0.14710672844358627	3.528895906734973e-05	0.9998272507708118	0.1403285836953061
20.337581634521484	0.9998370187222465	-9.707752111374676e-05	0.1316062178950011	9.707752111374676e-05	0.9998370187222465	-0.11308112157802697
20.67852020263672	0.9997121313660009	-7.690855641842211e-05	0.11087314905050003	7.690855641842211e-05	0.9997121313660009	0.09181428333986504
20.393848419189453	0.9995202750962094	5.295720247084158e-06	0.22360398019920985	-5.295720247084158e-06	0.9995202750962094	0.15824054413145183
20.504236221313477	0.9997032551539263	-1.7952864476700114e-05	0.10953596416043225	1.7952864476700114e-05	0.9997032551539263	0.1297477691246184
21.065950393676758	0.999740687063212	-4.4768245987804605e-05	0.18501886500387504	4.4768245987804605e-05	0.999740687063212	0.13185103944153245
20.671844482421875	0.9996573635002751	-2.3937411985971734e-07	0.07409285025598487	2.3937411985971734e-07	0.9996573635002751	0.03203756929500475
20.870208740234375	0.9996548726048231	6.623487309861328e-05	0.1752881074325465	-6.623487309861328e-05	0.9996548726048231	0.38832969891870267
21.332740783691406	0.9999638182650049	0.0001888486508178037	0.07348590266456687	-0.0001888486508178037	0.9999638182650049	-0.180728873871492
22.643089294433594	1.0000627201827401	0.0003640339950005424	-0.020221134426731627	-0.0003640339950005424	1.0000627201827401	0.544813174532564
21.22807502746582	0.9998049818998442	9.278195759371288e-05	0.13616962697370713	-9.278195759371288e-05	0.9998049818998442	0.04786245510493822
20.84183692932129	1.000514625059872	0.0002471287781286368	-0.06936039539189964	-0.0002471287781286368	1.000514625059872	0.16821057812175352
20.813941955566406	1.0001309381067196	-8.181736348125716e-05	0.04750103665570797	8.181736348125716e-05	1.0001309381067196	-0.1879312120891331
25.496959686279297	0.9994635616777375	-2.9713844511474354e-05	0.33637762605569343	2.9713844511474354e-05	0.9994635616777375	0.0456077658541893
21.01302146911621	0.9995797548803739	-0.00012773116504412286	0.24127362403154654	0.00012773116504412286	0.9995797548803739	0.34075704285843883
21.212339401245117	0.9985011029579012	-8.371934669504247e-05	0.6985108939208076	8.371934669504247e-05	0.9985011029579012	0.009169703312636224
20.859241485595703	1.000239926575201	-0.00034775562466301656	0.08136503035691578	0.00034775562466301656	1.000239926575201	0.06928784841886348
20.348787307739258	0.9993849243888993	2.0955218900130246e-05	0.2687317941223828	-2.0955218900130246e-05	0.9993849243888993	0.2689424174750501
20.887136459350586	0.9993255071237879	-7.168655074805876e-05	0.4368653791418833	7.168655074805876e-05	0.9993255071237879	0.3833054090158686
20.592927932739258	1.0003651305940773	5.68353271093459e-05	-0.24286768536757566	-5.68353271093459e-05	1.0003651305940773	-0.07932735805347593
21.332263946533203	0.9999934507557069	8.615408245316088e-05	-0.012923751222378026	-8.615408245316088e-05	0.9999934507557069	0.15333609995171096
20.676136016845703	0.999800783959024	-5.4402104870409894e-05	0.08142811815438623	5.4402104870409894e-05	0.999800783959024	0.2854644372453389
20.796537399291992	0.9995835899115524	-0.00017036400175361163	0.2170778376733165	0.00017036400175361163	0.9995835899115524	0.08891211387167336
21.075725555419922	1.0000514478014533	-7.937928939334588e-05	-0.004812374949548781	7.937928939334588e-05	1.0000514478014533	0.0028998666815748253
20.92599868774414	0.9995861108801667	-0.00032452307582223294	0.19747427451128718	0.00032452307582223294	0.9995861108801667	-0.15138780260091358
21.65699005126953	0.9993678653958901	-0.00040465737079903373	0.33990914730062805	0.00040465737079903373	0.9993678653958901	0.18346371757596772
21.322011947631836	1.000085812686802	-0.00011973221212396367	-0.02031949963879226	0.00011973221212396367	1.000085812686802	-0.18624955341109922
21.068572998046875	0.9994500397079953	-0.00031363044004354497	0.2543395081292163	0.00031363044004354497	0.9994500397079953	0.025167267627735246
21.680355072021484	0.9999062989307612	-6.05994811590897e-05	0.03422210145089298	6.05994811590897e-05	0.9999062989307612	-0.04653295646720661
21.137714385986328	1.0000406157885882	1.838843243339984e-05	-0.10679335601954791	-1.838843243339984e-05	1.0000406157885882	-0.11000012716383985
21.55017852783203	0.9996008235914741	-2.2548264511917254e-05	0.2543163761928455	2.2548264511917254e-05	0.9996008235914741	0.46214383611058146
21.04949951171875	1.0000041880277204	-2.472934704288068e-05	-0.18641284856368526	2.472934704288068e-05	1.0000041880277204	-0.267190086316274
20.775794982910156	0.9998115971617993	-2.865353078036104e-05	-0.07227612139672945	2.865353078036104e-05	0.9998115971617993	0.08506759463135188
21.21138572692871	0.9997123730450558	-4.629394894654411e-05	0.0031415338203405474	4.629394894654411e-05	0.9997123730450558	0.027213696417166672
20.689964294433594	0.9997303193252295	-1.5769448784959378e-05	0.07715665061028758	1.5769448784959378e-05	0.9997303193252295	0.058556200812872924
21.382808685302734	0.9993432944350058	-0.00028877505353900083	0.3157772260750904	0.00028877505353900083	0.9993432944350058	0.15845446107575323
23.50449562072754	0.9993335276988364	-0.00021878839046325063	0.24975789756574862	0.00021878839046325063	0.9993335276988364	-0.07889293845807721
20.627975463867188	0.9994841153658736	-0.00025488365137451695	0.23316090333656156	0.00025488365137451695	0.9994841153658736	0.1087194470252425
21.256446838378906	0.9994622492005508	-0.0004651546030196276	0.2393451002757866	0.0004651546030196276	0.9994622492005508	-0.1614640535276179
20.74289321899414	0.9998476705443547	-0.00019152963426880863	0.1042101001011486	0.00019152963426880863	0.9998476705443547	0.01871468379415901
21.265506744384766	0.9995246187269273	-0.0003940065864397311	0.1373349811973848	0.0003940065864397311	0.9995246187269273	-0.0277918593182252
20.63894271850586	0.999762893942405	-0.00024460797825084376	0.05886249922119581	0.00024460797825084376	0.999762893942405	-0.06485702160298165
20.88785171508789	0.9998561387895125	-0.00041634352736336224	-0.04892849725501944	0.00041634352736336224	0.9998561387895125	-0.07384499617758189
21.33321762084961	1.0019867936373563	-0.0001594826661963783	-0.766776142313679	0.0001594826661963783	1.0019867936373563	-0.852202877002046
23.678302764892578	0.9995511443513869	-0.0004261182554951611	0.01873246669609635	0.0004261182554951611	0.9995511443513869	0.10677910205879759
21.58045768737793	0.9998473239087385	-0.00010615600594204012	0.022533360204105932	0.00010615600594204012	0.9998473239087385	-0.2575563680051949
21.108150482177734	0.9996461620290348	-8.168903785021841e-05	-0.0005648862842844143	8.168903785021841e-05	0.9996461620290348	0.19104521433123212
20.880699157714844	0.9998639136161588	-0.00013299520480623605	-0.07193134387137609	0.00013299520480623605	0.9998639136161588	-0.007351144778276971
21.257400512695312	1.0000942098410819	-0.00017183703422561078	-0.12729281640852405	0.00017183703422561078	1.0000942098410819	-0.1053473671054906
21.236419677734375	0.9998728150953949	-0.0002679320376170235	-0.09842872916055803	0.0002679320376170235	0.9998728150953949	0.13712591531475982
21.58069610595703	0.9999335555264708	-0.00018534783415553678	0.024904771789682964	0.00018534783415553678	0.9999335555264708	-0.5017501188289004
21.11196517944336	0.9998395729467294	-0.00019526378888941328	0.0005182901129412656	0.00019526378888941328	0.9998395729467294	0.09201045845402751
21.055221557617188	0.9998460994313598	-0.00023951932642440774	0.12000052005706453	0.00023951932642440774	0.9998460994313598	-0.36196812691380603
21.285295486450195	0.9998982862571364	-0.00019993270441215344	-0.03286299960031231	0.00019993270441215344	0.9998982862571364	0.11931608652556314
21.004199981689453	1.0003457860163447	-0.0001370697302020482	-0.19359864542413607	0.0001370697302020482	1.0003457860163447	-0.44857941247259325
21.013259887695312	0.9998192999262019	-0.00037640057032420533	0.03160775101875586	0.00037640057032420533	0.9998192999262019	0.09157525580997544
20.556211471557617	1.0000007718640513	-0.0002375189291738367	-0.10927139069896513	0.0002375189291738367	1.0000007718640513	-0.11991226492153302
20.534753799438477	0.9999524234534156	-0.00016147356118009572	-0.03907271576398197	0.00016147356118009572	0.9999524234534156	-0.143756178008232
20.8284854888916	0.9994398631066774	-0.0001572469590377118	0.14246755546416656	0.0001572469590377118	0.9994398631066774	0.2438016003969129
20.676374435424805	0.9992390812116001	-0.0001258324695121839	0.21989793574865457	0.0001258324695121839	0.9992390812116001	-0.05658939772161775
21.305561065673828	0.9997266445123829	8.967479303882441e-05	-0.056281392083232115	-8.967479303882441e-05	0.9997266445123829	0.4731229105299822
20.41006088256836	0.9995477181784244	-8.097143996665815e-06	0.09480875816010648	8.097143996665815e-06	0.9995477181784244	0.10571754770198272
20.64371109008789	0.999416040078349	-6.853432599334262e-05	0.11432563723027181	6.853432599334262e-05	0.999416040078349	0.2445758227773769
20.949602127075195	0.9992272838826967	-2.7196392429840124e-05	0.22124474721116322	2.7196392429840124e-05	0.9992272838826967	0.09636868514157568
20.619630813598633	0.9996647370244927	-0.0002491131129886749	0.024777841229603914	0.0002491131129886749	0.9996647370244927	-0.12439917262948993
21.233320236206055	0.9993982014593906	-0.00020179496677115525	0.16868679886097554	0.00020179496677115525	0.9993982014593906	0.21263211555532135
20.514965057373047	0.999418712267947	-0.0003732739847090217	0.2448877529182346	0.0003732739847090217	0.999418712267947	0.027847108449759128
20.511388778686523	0.9993200207163295	-0.000395694885400014	0.17920996698260633	0.000395694885400014	0.9993200207163295	0.11427935327277838
20.730257034301758	0.9990770855003747	-0.0006225595005722676	0.3451742990212927	0.0006225595005722676	0.9990770855003747	0.07902075746355863
20.68638801574707	0.9995799449117673	-0.00025294622358290603	0.06180147158301799	0.00025294622358290603	0.9995799449117673	0.2321257657773035
20.945310592651367	0.9995673195769973	-9.697899524711445e-05	-0.02322364345873697	9.697899524711445e-05	0.9995673195769973	0.3067446978733955
20.580530166625977	0.9994430958235152	-0.00019678582286434447	0.08461840500898676	0.00019678582286434447	0.9994430958235152	0.2190669983428174
20.616769790649414	0.9996011978101033	-0.0003260455021528813	0.049031786126168375	0.0003260455021528813	0.9996011978101033	-0.07758121898625295
21.192312240600586	0.9993984918759479	-0.00013807176488292802	0.14589156990618157	0.00013807176488292802	0.9993984918759479	0.18385842345904224
21.066904067993164	0.9994167764987959	-0.00016037474784895244	0.1411075115169403	0.00016037474784895244	0.9994167764987959	0.28185692794528355
21.408557891845703	0.9993946389036856	-0.00023537804091133897	0.06674605844764141	0.00023537804091133897	0.9993946389036856	-0.009532532858586604
20.788908004760742	0.9997172175196403	-0.00017044158457890724	0.08643731461158169	0.00017044158457890724	0.9997172175196403	-0.05329205767470824
20.742416381835938	0.9995564979560243	-0.00012313940157612226	0.1236514963276154	0.00012313940157612226	0.9995564979560243	-0.024732012491537003
21.270275115966797	0.9997120151116321	-5.0719621133221395e-05	0.0962404096988313	5.0719621133221395e-05	0.9997120151116321	0.04302923703262762
20.84040641784668	0.9995022008519803	-0.00032538404934389986	0.12499080794404593	0.00032538404934389986	0.9995022008519803	-0.08961727210916456
21.231889724731445	0.9995481505225078	-5.664514368743511e-05	0.1771322635012486	5.664514368743511e-05	0.9995481505225078	0.020558502977683725
20.88475227355957	0.9995870020828673	-0.0002672378464152735	0.10460517409754033	0.0002672378464152735	0.9995870020828673	0.14443430937149027
20.92885971069336	0.9996015353604535	-0.00021096496674845764	0.057692018371691675	0.00021096496674845764	0.9996015353604535	-0.08949037118321285
21.117448806762695	0.9994271413899978	-0.00011451786668721531	0.15067745780418873	0.00011451786668721531	0.9994271413899978	0.2877649543062579
20.80702781677246	0.9993469765061871	-0.00018067802870875438	0.19712820678509338	0.00018067802870875438	0.9993469765061871	0.10151034566010742
21.11196517944336	0.9996168843412605	-6.816427866847751e-05	0.16043984090844798	6.816427866847751e-05	0.9996168843412605	-0.019175163542065166
20.80988883972168	0.9995507667645989	-7.036286899556325e-05	0.14006603508641507	7.036286899556325e-05	0.9995507667645989	0.04014972021590352
20.919322967529297	0.9994650131604746	-0.0001426491933700265	0.23683693640262168	0.0001426491933700265	0.9994650131604746	0.025576389797859277
21.448612213134766	0.9995379389255956	-0.00016562301393721195	0.09798007275500739	0.00016562301393721195	0.9995379389255956	0.03320138708578332
20.704030990600586	0.9994304718953385	-0.0002389374748051629	0.2651269379489769	0.0002389374748051629	0.9994304718953385	-0.06136438332653596
21.123886108398438	0.9996409994234722	-0.0002516850321897867	0.159467375672685	0.0002516850321897867	0.9996409994234722	0.0002529626462323964
20.729780197143555	0.9993313311380896	-0.00027818605008379896	0.282602464951515	0.00027818605008379896	0.9993313311380896	-0.11387791232361799
20.910263061523438	0.9989765238174867	-0.00036436157364690873	0.406895850632917	0.00036436157364690873	0.9989765238174867	0.10859823922049783
21.26789093017578	0.999716472154307	-0.00021172323428810045	0.07485114539297572	0.00021172323428810045	0.999716472154307	0.009165091363111166
21.024465560913086	0.9992190751971266	-0.00015514291273461747	0.3167887141853988	0.00015514291273461747	0.9992190751971266	0.14687548516047186
20.953893661499023	0.9992885349269618	-0.000207927984549813	0.180430042483664	0.000207927984549813	0.9992885349269618	0.17974385423599848
21.179914474487305	0.999485524523894	-5.523159091125169e-05	0.23326169468855923	5.523159091125169e-05	0.999485524523894	0.06741501805552506
21.04663848876953	0.9993526575735253	-0.00018128840896312957	0.22949810197524873	0.00018128840896312957	0.9993526575735253	0.25911623945461665
22.917747497558594	0.9996250038522605	-8.180464002187136e-05	0.12042953899145968	8.180464002187136e-05	0.9996250038522605	-0.036308109039990884
21.02518081665039	0.9992315206647423	-0.00017952708125893536	0.20813186719208707	0.00017952708125893536	0.9992315206647423	0.2939305132795622
20.82347869873047	0.999341722662525	-0.0002836099417953513	0.17841001967896913	0.0002836099417953513	0.999341722662525	0.11736445956390291
21.29960060119629	0.9990751654628498	-0.0003800682964473781	0.3002498001225611	0.0003800682964473781	0.9990751654628498	0.22577050267775103
20.845413208007812	0.9993617860220463	-0.00036874758426756575	0.19749131129827655	0.00036874758426756575	0.9993617860220463	0.1466390555085061
21.001100540161133	0.9994064727759575	-0.0003146521421328368	0.20613459622546373	0.0003146521421328368	0.9994064727759575	0.08128956477123876
20.931005477905273	0.9993909195063505	-0.0003212598729347475	0.21056909592554524	0.0003212598729347475	0.9993909195063505	0.04552249579832423
20.618915557861328	0.999408073156174	-0.000203324140093783	0.08699601772662818	0.000203324140093783	0.999408073156174	0.06697974592526702
21.116018295288086	0.9990685879119922	-0.0001776897936249837	0.282441727887657	0.0001776897936249837	0.9990685879119922	0.20581730457757422
21.069049835205078	0.9991428967625399	-0.0002661144212000713	0.17814927474426878	0.0002661144212000713	0.9991428967625399	0.170484009818546
21.00539207458496	0.9992235718457204	-0.00029584238616232997	0.11749910481198954	0.00029584238616232997	0.9992235718457204	0.062054080276855876
20.858287811279297	0.9994917080216895	-8.21760519724584e-05	0.0322347807823471	8.21760519724584e-05	0.9994917080216895	-0.0758538778929343
20.82681655883789	0.999515274032214	-0.00012744217174124069	0.07541672009705608	0.00012744217174124069	0.999515274032214	-0.058171903995832934
21.414756774902344	0.9993795219759136	8.616274100895941e-05	0.04458669508013369	-8.616274100895941e-05	0.9993795219759136	0.7535727170389097
21.36087417602539	0.9995721409291982	-0.00011409491449079966	0.06903889612321307	0.00011409491449079966	0.9995721409291982	-0.752523060141838
21.502256393432617	0.9996356460856116	-0.00012543904895499376	0.034656519938543684	0.00012543904895499376	0.9996356460856116	0.43138960777716906
21.286964416503906	0.9994585592740189	-0.0003441597893199451	0.09606574159559254	0.0003441597893199451	0.9994585592740189	-0.6895718836922035
20.699739456176758	0.9996088639909311	-0.0003302238037722604	0.1328909650046547	0.0003302238037722604	0.9996088639909311	0.16117647489407394
23.79012107849121	0.9996712072305702	-0.0002706671096931412	0.14721694668352636	0.0002706671096931412	0.9996712072305702	0.47505543154329744
20.498991012573242	0.9994757393455221	-0.0002699809677787327	0.16651824545848715	0.0002699809677787327	0.9994757393455221	0.12113299438760267
21.22974395751953	0.9990643360145152	-0.0002751920559238282	0.37232517104733265	0.0002751920559238282	0.9990643360145152	0.33085221251462094
21.160602569580078	0.9995987387425739	-0.00023349619968975093	0.013396807620943085	0.00023349619968975093	0.9995987387425739	-0.5487470667883126
21.414518356323242	0.9993257250894366	-0.00022939577222640714	0.22652314938815948	0.00022939577222640714	0.9993257250894366	1.0316119997631419
21.344661712646484	0.9998862949281195	-0.0002642780897731056	-0.010664402759825053	0.0002642780897731056	0.9998862949281195	-0.9382215353481151
21.262168884277344	0.9996890787881989	-0.00020427523742468123	0.09384700135105783	0.00020427523742468123	0.9996890787881989	0.9237808484876566
21.332502365112305	0.9999797661629467	-0.0001799779359853194	0.003177076697979351	0.0001799779359853194	0.9999797661629467	-0.5899889396355896
21.159648895263672	0.999672236051395	-6.436590832104602e-05	0.18721085754192252	6.436590832104602e-05	0.999672236051395	0.6120448198709448
20.98870277404785	0.9996705036882994	-0.00013547359446297868	0.17596275355974134	0.00013547359446297868	0.9996705036882994	-0.4413271427552261
21.367549896240234	0.9994152991896202	-9.941552480359974e-05	0.24742799420215433	9.941552480359974e-05	0.9994152991896202	-0.4006488619408733
21.345853805541992	0.9994192465652647	-0.00026515321200795775	0.384575892111589	0.00026515321200795775	0.9994192465652647	0.9025367478622792
21.383285522460938	0.9993218554470468	-0.00027887623393077824	0.4033978916056322	0.00027887623393077824	0.9993218554470468	-0.5161831713374949
21.36683464050293	0.9991904355115477	-0.00024765711875194836	0.4645114855891443	0.00024765711875194836	0.9991904355115477	1.3440931351964507
21.250247955322266	0.999336279683398	-0.0003118028772124338	0.2999032701825054	0.0003118028772124338	0.999336279683398	-1.5907372105689643
21.457195281982422	0.9992755069290714	-0.0002218753590141916	0.3376456227025787	0.0002218753590141916	0.9992755069290714	1.2544267527575022
20.970582962036133	0.9992949297812053	-0.00015012855603705388	0.3399020949012415	0.00015012855603705388	0.9992949297812053	-0.3737347075686946
20.805835723876953	0.9992957738722945	-0.00011926554813075982	0.2709123664212988	0.00011926554813075982	0.9992957738722945	0.13028548542752869
21.802663803100586	0.999660346129024	-6.84196868621869e-05	0.26654674407954054	6.84196868621869e-05	0.999660346129024	0.2138543438139541
21.234512329101562	0.9995474706961697	-3.112371936024235e-05	0.18611159753257406	3.112371936024235e-05	0.9995474706961697	-0.7133452387118079
21.7134952545166	0.9993435522585099	-9.026276584057121e-05	0.2967407262393349	9.026276584057121e-05	0.9993435522585099	1.467230819869765
21.381139755249023	0.9994161485108255	-5.864785987121931e-05	0.22036348271694994	5.864785987121931e-05	0.9994161485108255	-1.3532173274024868
21.743297576904297	0.9993432139598527	-8.171136824088451e-05	0.3397904500928428	8.171136824088451e-05	0.9993432139598527	1.6625767685041024
21.312236785888672	0.9994478851094729	-5.328238197533882e-05	0.17493926414386057	5.328238197533882e-05	0.9994478851094729	-1.0342813555209582
21.363496780395508	0.9993217315526021	-8.208042360583357e-05	0.3981515192918912	8.208042360583357e-05	0.9993217315526021	0.9880738846771907
21.563291549682617	0.9986725090698466	-0.00016833378963885054	0.8566684984425343	0.00016833378963885054	0.9986725090698466	-0.2467439163473479
20.867586135864258	0.9991579505505499	-0.0002502376543303301	0.44328825279969003	0.0002502376543303301	0.9991579505505499	0.5293087250231112
21.387815475463867	0.9993623612860997	6.932958831614821e-05	0.26565094940270445	-6.932958831614821e-05	0.9993623612860997	0.6552794825498263
21.12269401550293	0.9992606864090956	-0.00016823294096241927	0.2839379885055758	0.00016823294096241927	0.9992606864090956	-0.38355896976673653
21.555662155151367	0.998976020547185	-0.00015382721026232544	0.4755227995628601	0.00015382721026232544	0.998976020547185	1.2105921765614418
21.84438705444336	0.9991948550492235	-7.66699801796764e-05	0.3577076249727588	7.66699801796764e-05	0.9991948550492235	-1.307397023511605
21.532773971557617	0.9989802804027338	-9.150295109293938e-05	0.5809414467883545	9.150295109293938e-05	0.9989802804027338	2.1572703242957325
21.76642417907715	0.9991739079457544	-0.00011527705862880984	0.386673539497401	0.00011527705862880984	0.9991739079457544	-1.0453972145673378
21.819591522216797	0.9985269885157272	-0.00026246464055792096	0.8997955787491949	0.00026246464055792096	0.9985269885157272	1.636932068375197
21.432876586914062	0.9995058977061386	-6.555947304794497e-06	0.35987299998223843	6.555947304794497e-06	0.9995058977061386	-0.7058501020920351
20.913362503051758	0.99894244144234	-8.264345887973811e-05	0.6322965286969964	8.264345887973811e-05	0.99894244144234	0.24484790566509218
22.217750549316406	0.9987926838874571	-0.0001558105361799263	0.6884892461805007	0.0001558105361799263	0.9987926838874571	0.7889416780786195
20.99132537841797	0.9993532476446919	-0.00014707576331125682	0.3593549259092659	0.00014707576331125682	0.9993532476446919	0.09524245110037631
21.099090576171875	0.9994251837210416	8.938209578806279e-05	0.4568402069470926	-8.938209578806279e-05	0.9994251837210416	0.8293161402336595
21.310806274414062	0.9991401401384186	-8.997269399477794e-05	0.378239047037763	8.997269399477794e-05	0.9991401401384186	-1.2233529590672954
21.55280113220215	0.9992493660285534	3.4768065999766955e-05	0.4036912701962202	-3.4768065999766955e-05	0.9992493660285534	1.1409317539414536
21.373987197875977	0.9992153470185419	-0.0001370482648207298	0.3507502805938109	0.0001370482648207298	0.9992153470185419	-0.8379462713917312
21.589279174804688	0.9990961395524643	0.00018120970504227618	0.5839073104500366	-0.00018120970504227618	0.9990961395524643	2.092320270347147
21.414995193481445	0.9994370421806845	-0.00017443513884188075	0.27139672953965044	0.00017443513884188075	0.9994370421806845	-1.4312957785043015
21.256208419799805	0.9992347048852162	-9.306692357065002e-05	0.4310105096991059	9.306692357065002e-05	0.9992347048852162	1.3793652531962295
21.74663543701172	0.9991950458665552	8.132496362158565e-05	0.41991812116681376	-8.132496362158565e-05	0.9991950458665552	-1.274455034484892
21.27528190612793	0.9994984754905277	-6.306340709563304e-06	0.30137325344113347	6.306340709563304e-06	0.9994984754905277	0.8094435918299109
20.845651626586914	0.9991466748241847	0.00016402999297983117	0.38768970855748774	-0.00016402999297983117	0.9991466748241847	0.11549145711109576
20.809412002563477	0.9996180044773494	-0.00011618608090686953	0.20274178275243715	0.00011618608090686953	0.9996180044773494	-0.024018832270762847
21.232128143310547	0.999424647756252	-2.482547603934383e-05	0.3702858304117552	2.482547603934383e-05	0.999424647756252	0.7846819902444397
21.777629852294922	0.9999747001172713	-0.00013281397411776	0.0026707370436542715	0.00013281397411776	0.9999747001172713	-0.6424068609048246
21.549701690673828	0.9997817808598238	-8.91315698442822e-06	0.16760071644019844	8.91315698442822e-06	0.9997817808598238	0.9338349706087095
21.51656150817871	0.9997936094028995	-0.00018046436247035383	0.06302826041253748	0.00018046436247035383	0.9997936094028995	-0.4917162714459324
21.08001708984375	0.9994471226548168	-2.156414956136965e-05	0.22734518155796551	2.156414956136965e-05	0.9994471226548168	0.655158328779212
21.331071853637695	0.9994947620723529	-5.269023644712135e-05	0.05883236121554117	5.269023644712135e-05	0.9994947620723529	-0.5900608108700395
21.581649780273438	0.9991150774564929	-7.052885086581574e-05	0.3484048434172067	7.052885086581574e-05	0.9991150774564929	1.018876603816007
21.087646484375	0.9992633366080775	-9.132992078335957e-05	0.24877832249804865	9.132992078335957e-05	0.9992633366080775	-0.2732272578383756
21.329402923583984	0.9992493223365826	-0.0001922446646955996	0.2322128829146355	0.0001922446646955996	0.9992493223365826	0.47211109192483747
21.099090576171875	0.9993055259147631	-0.00020872285016131044	0.22065779916627254	0.00020872285016131044	0.9993055259147631	-0.4875289598700222
21.246671676635742	0.9994088391221755	-0.0002830518019754385	0.008971733053863265	0.0002830518019754385	0.9994088391221755	-0.3595742672142088
21.66128158569336	0.9988541299612065	-0.00029763992889273155	0.3685480258380756	0.00029763992889273155	0.9988541299612065	0.5108772884114064
21.080493927001953	0.9995106075216598	-0.00021818006266201943	-0.10928146837368574	0.00021818006266201943	0.9995106075216598	-0.11883491420257246
20.99466323852539	0.9993991701421298	-0.00020568739616476172	0.09925902631562322	0.00020568739616476172	0.9993991701421298	0.47646682597190704
21.5911865234375	0.999905344323414	-0.00027400354899348586	-0.4002303336060433	0.00027400354899348586	0.999905344323414	-0.5735709626693415
21.259784698486328	0.999801820696404	-0.0003769363525870594	-0.23820049898502202	0.0003769363525870594	0.999801820696404	0.5246072420489352
21.58641815185547	0.9996007875273275	-0.00018325217054791725	-0.05010567512001784	0.00018325217054791725	0.9996007875273275	-0.39805875628892873
21.343469619750977	0.9996638517006285	-0.00041993737421724535	-0.16308950823719529	0.00041993737421724535	0.9996638517006285	0.5804310733927645
20.979881286621094	0.9996451268433777	-0.00032852997824518113	-0.1625062631250044	0.00032852997824518113	0.9996451268433777	-0.5311176891091535
21.155357360839844	1.0000614253020708	-2.839197704293662e-05	-0.07117944379551233	2.839197704293662e-05	1.0000614253020708	0.28131493253120454
20.8585262298584	0.9993226469465918	-0.00015340039967053808	-0.0320483904213587	0.00015340039967053808	0.9993226469465918	-0.372624525611054
20.909786224365234	0.9994844154847249	-0.00023907094401249548	-0.033570189850346654	0.00023907094401249548	0.9994844154847249	-0.18311742273029763
20.9810733795166	0.9993179018135833	-0.0001905605516912557	0.0025537818678345067	0.0001905605516912557	0.9993179018135833	0.31702457405785966
21.09670639038086	0.9995660836802156	-0.00029120059765877287	-0.018479860314915886	0.00029120059765877287	0.9995660836802156	-0.7498170369979735
21.545886993408203	0.9993753861966778	-0.00022395462345311395	-0.0800292699180227	0.00022395462345311395	0.9993753861966778	0.7664930412776706
24.121999740600586	0.9994146744064433	-0.00017780238915098137	-0.01257757578178235	0.00017780238915098137	0.9994146744064433	-0.6034976591030078
21.082639694213867	0.9996108742832995	-0.00014664389326687872	-0.13847970724298533	0.00014664389326687872	0.9996108742832995	0.7254991810370947
20.79176902770996	0.9993896996184926	-0.00023846003340446451	0.1332374095188956	0.00023846003340446451	0.9993896996184926	-0.18302557420696583
20.50042152404785	0.999534722331733	-0.00021519287110693432	0.020623676609134667	0.00021519287110693432	0.999534722331733	0.14899882055104596
21.021604537963867	0.9995181915671952	-0.0002551705496049308	0.04613258442757067	0.0002551705496049308	0.9995181915671952	0.4141173298372522
20.622730255126953	0.9995399792700406	-0.0002963468410903197	0.1338843588150268	0.0002963468410903197	0.9995399792700406	0.0177014905397056
21.158933639526367	0.999628921775496	-0.00032252634477925447	0.05635140209367184	0.00032252634477925447	0.999628921775496	0.23303889261632427
20.415544509887695	0.9994902675809242	-9.195402420249055e-05	0.09201948002703912	9.195402420249055e-05	0.9994902675809242	0.07166461598869328
20.625591278076172	0.9995159559670931	1.9962135991562622e-05	0.0824828248571312	-1.9962135991562622e-05	0.9995159559670931	-0.11498117782712104
21.002769470214844	0.99930223588872	-0.0001513765290547131	0.03197063550626108	0.0001513765290547131	0.99930223588872	-0.1420054854052174
20.27106285095215	0.9994997408266552	-0.0001736629181415729	0.05654674061454594	0.0001736629181415729	0.9994997408266552	-0.07837525186140042
20.778656005859375	0.9993825267189675	-0.00023388809760649422	0.1463036629380835	0.00023388809760649422	0.9993825267189675	0.004381243032951839
20.44224739074707	0.9993546038116402	-0.00024166114677816048	0.12620445181025314	0.00024166114677816048	0.9993546038116402	-0.0727123219286153
21.07691764831543	0.9995660818606324	-0.00018213331815579437	-0.1003101008156172	0.00018213331815579437	0.9995660818606324	0.6077706789769757
21.462202072143555	0.9995480177275115	-0.0002925542910170686	-0.20886220284822946	0.0002925542910170686	0.9995480177275115	-0.5933179164867758
24.715423583984375	0.9994193827930954	-0.00019375913136496226	0.10570429117099439	0.00019375913136496226	0.9994193827930954	0.8567069880978803
