28.645038604736328	0.9995710020106667	6.072563656239253e-05	0.4804911427977878	-6.072563656239253e-05	0.9995710020106667	0.2797652481959417
29.067277908325195	0.9996531755330337	0.00012650256957774642	0.40391104867739575	-0.00012650256957774642	0.9996531755330337	0.3127586785912692
28.094053268432617	0.9996100429638023	2.9340184292798182e-05	0.4502102471783034	-2.9340184292798182e-05	0.9996100429638023	0.1305958470014325
28.420448303222656	0.9997878980365184	9.925303865105185e-05	0.279958854349141	-9.925303865105185e-05	0.9997878980365184	0.28061425182153754
28.08690071105957	0.9997052304897006	-2.5403285205656185e-05	0.43168447043345404	2.5403285205656185e-05	0.9997052304897006	0.09639511492715089
28.390884399414062	0.9997464096616073	-5.994310032632975e-05	0.374174229072441	5.994310032632975e-05	0.9997464096616073	0.07530246384410068
27.70209312438965	0.9997329945089687	-0.00012834038946245714	0.5533693369054555	0.00012834038946245714	0.9997329945089687	0.02453261635942677
24.350643157958984	0.9997582666559242	-0.00020775337503942985	0.4834282213549472	0.00020775337503942985	0.9997582666559242	-0.016919283687343713
21.38233184814453	0.9997814131686439	-0.00033875026764298207	0.4300979614828788	0.00033875026764298207	0.9997814131686439	-0.12095114362077508
20.3402042388916	0.9996887290802591	-0.00019323173874622268	0.5072277069077351	0.00019323173874622268	0.9996887290802591	-0.05211848704253218
20.298004150390625	0.9997119530801458	-4.2079068839824454e-05	0.5161913890568974	4.2079068839824454e-05	0.9997119530801458	0.04014484583775885
20.71523666381836	0.9997986703319369	0.00024610589835675426	0.3535174290889692	-0.00024610589835675426	0.9997986703319369	0.27207661672524475
20.29728889465332	0.9996166892722971	3.785893021723899e-05	0.5978196444896176	-3.785893021723899e-05	0.9996166892722971	0.21259029476948135
20.59483528137207	0.9997272314760806	0.00010645513368580134	0.2991379506363663	-0.00010645513368580134	0.9997272314760806	0.13026248315433775
20.331621170043945	0.9994032511601586	9.214473173538233e-05	0.8876550428667658	-9.214473173538233e-05	0.9994032511601586	0.33956766476832834
26.95012092590332	1.0001315169251817	-0.0002560807867269666	-0.05769192182155798	0.0002560807867269666	1.0001315169251817	-0.46748934769249967
26.160240173339844	0.9998774289816766	1.694898335776362e-05	0.2045067686093838	-1.694898335776362e-05	0.9998774289816766	0.07316190148805436
27.431249618530273	0.9995855400020606	-4.345075759948642e-05	0.5961459997502087	4.345075759948642e-05	0.9995855400020606	0.11863256397488525
29.478073120117188	0.9997841265611398	-0.00015043629764356913	0.35556741439809375	0.00015043629764356913	0.9997841265611398	-0.04832536050667717
26.84617042541504	0.9998211785495194	3.11578539638784e-05	0.2686006315047274	-3.11578539638784e-05	0.9998211785495194	0.20056108271536913
25.01988410949707	0.9996720744251123	-1.5564326523720743e-05	0.37325545605235944	1.5564326523720743e-05	0.9996720744251123	0.14109870566223354
28.557777404785156	0.999810330292122	-2.9905143074925597e-06	0.3559307776915822	2.9905143074925597e-06	0.999810330292122	0.17914178277504064
27.953386306762695	0.9990575053073157	-0.00018073880192189039	1.3594495103831277	0.00018073880192189039	0.9990575053073157	0.16362409116144294
25.30670166015625	0.9996864163405885	-0.00010847867442921515	0.407218551387271	0.00010847867442921515	0.9996864163405885	0.10511265123782013
20.485877990722656	0.9997858510720552	-1.1462816349393727e-06	0.21980877037458407	1.1462816349393727e-06	0.9997858510720552	0.10571978480719428
20.507097244262695	0.9997427406270325	3.932664703399738e-05	0.23101568251880183	-3.932664703399738e-05	0.9997427406270325	0.04692857205747595
21.138906478881836	0.9995924283074321	0.00013391174134264714	0.34422706499885436	-0.00013391174134264714	0.9995924283074321	0.224155027625329
20.479917526245117	0.9995497373425088	0.00021117351611104392	0.32066857848443747	-0.00021117351611104392	0.9995497373425088	0.3289108112316046
20.99609375	0.9995496715811574	0.00021683081448904454	0.22442514619797244	-0.00021683081448904454	0.9995496715811574	0.3319457213124166
20.525693893432617	0.9995987274003089	9.161351140830082e-05	0.40430339514367497	-9.161351140830082e-05	0.9995987274003089	0.24284507408613087
20.38121223449707	0.9993473415021281	0.000121444388091217	0.6546810554574656	-0.000121444388091217	0.9993473415021281	0.33609509269135973
23.85234832763672	0.9994736257674006	0.00014009073896943707	0.3927121085220113	-0.00014009073896943707	0.9994736257674006	0.3637032706814008
23.916006088256836	0.9995422604660685	0.00011863636236342856	0.36672931262472164	-0.00011863636236342856	0.9995422604660685	0.33603417933270113
22.523880004882812	0.9995152528686773	4.8921514746142745e-05	0.4807064400160023	-4.8921514746142745e-05	0.9995152528686773	0.19265192507495085
20.63918113708496	0.999601498978678	-7.950943448182834e-05	0.3619790872004398	7.950943448182834e-05	0.999601498978678	0.13697536751188635
20.8284854888916	0.9995050560269344	-8.048781172865973e-05	0.5811536083574571	8.048781172865973e-05	0.9995050560269344	0.128172657260532
20.826101303100586	0.9995768091869806	-1.5606280399927255e-05	0.4393008134695134	1.5606280399927255e-05	0.9995768091869806	0.17999123110063728
20.653724670410156	0.9997839696758702	-1.4271922763432918e-05	0.19854866094329704	1.4271922763432918e-05	0.9997839696758702	0.16099751351995756
20.814895629882812	0.9997288678897277	-0.0003804299132250381	0.40582889447303455	0.0003804299132250381	0.9997288678897277	-0.1526326032677045
20.579099655151367	0.999756936176075	-0.00023519519655388745	0.3928367394824256	0.00023519519655388745	0.999756936176075	-0.035421518850163064
20.582914352416992	0.9996514100722348	-0.00010146095890149905	0.43864646146067265	0.00010146095890149905	0.9996514100722348	0.16233822603369974
20.754337310791016	0.9999015631432218	-0.00011478703641634053	0.19336685488194186	0.00011478703641634053	0.9999015631432218	-0.10795930907402025
20.3859806060791	0.9999138377603483	6.734776939566167e-05	0.09010715773156608	-6.734776939566167e-05	0.9999138377603483	0.06853311465701387
20.640134811401367	1.0000218916623194	0.0002581524716392227	-0.12144722766305992	-0.0002581524716392227	1.0000218916623194	0.20119461303455805
20.502328872680664	0.9999522384424703	0.00023092003226709245	-0.06520334460396462	-0.00023092003226709245	0.9999522384424703	0.20699868549189473
20.51258087158203	0.9998941554191509	0.00012071306825688598	0.016260765480520273	-0.00012071306825688598	0.9998941554191509	0.053334795655183065
20.95341682434082	0.9997002133798604	0.00019689694395385237	0.07135583108859639	-0.00019689694395385237	0.9997002133798604	0.3067316174366512
20.566940307617188	0.9996859429109952	0.00018084692584273166	0.2446819278129904	-0.00018084692584273166	0.9996859429109952	0.17596104544711075
20.945310592651367	0.9995166573398783	0.0001802571532619175	0.27848726231168774	-0.0001802571532619175	0.9995166573398783	0.3622819151170947
20.474672317504883	0.9996298224801351	8.731555633978094e-05	0.2930593721156344	-8.731555633978094e-05	0.9996298224801351	0.16473078614758824
22.233247756958008	0.9996123875331479	-2.9143515587777816e-05	0.30638728283953826	2.9143515587777816e-05	0.9996123875331479	0.15737073581486322
20.828962326049805	0.9995784186683072	-5.7294667729239465e-05	0.3101090234381807	5.7294667729239465e-05	0.9995784186683072	0.2544647679803259
20.61319351196289	0.9996003958859236	-2.9147393230236442e-05	0.3520431463342344	2.9147393230236442e-05	0.9996003958859236	0.1238969941896607
20.711421966552734	0.9995803173813	-6.551745500819157e-05	0.27319195777405036	6.551745500819157e-05	0.9995803173813	0.20947016623438253
20.243167877197266	0.99950624132211	-5.1081506514003437e-05	0.341890526358675	5.1081506514003437e-05	0.99950624132211	0.20854651120949236
20.285844802856445	0.9994970734802188	-2.526670762879815e-05	0.40608125580349147	2.526670762879815e-05	0.9994970734802188	0.2782462532363264
20.91217041015625	0.9996706972550249	-0.00014255587596121523	0.3191963546592826	0.00014255587596121523	0.9996706972550249	0.01061953852061395
20.586252212524414	0.9994446326974943	-3.2097296536696377e-05	0.41423886214628824	3.2097296536696377e-05	0.9994446326974943	0.258382697422366
21.04496955871582	0.9994300581610613	-0.00016886787169401743	0.455856246279456	0.00016886787169401743	0.9994300581610613	0.1740841969315956
20.382165908813477	0.9993132881207337	0.00015101616027228838	0.4421687545583377	-0.00015101616027228838	0.9993132881207337	0.35642196166747836
20.380735397338867	0.9992683548190178	5.3858800456412035e-05	0.4925578657911989	-5.3858800456412035e-05	0.9992683548190178	0.1930007178368821
20.89071273803711	0.9992791840478584	5.91070615196573e-05	0.4362331415413648	-5.91070615196573e-05	0.9992791840478584	0.37884046610245486
20.504474639892578	0.9993077110462444	0.000187007843595436	0.3686111558045887	-0.000187007843595436	0.9993077110462444	0.4126108966338528
21.013975143432617	0.9990481076422103	0.00019960652961275097	0.5260526210153678	-0.00019960652961275097	0.9990481076422103	0.44691375105265996
20.995378494262695	0.999439172394472	2.886488582522027e-05	0.17894214941816475	-2.886488582522027e-05	0.999439172394472	0.36689590652848514
20.603418350219727	0.9994475696921048	0.0001237511662428207	0.4703528394311613	-0.0001237511662428207	0.9994475696921048	0.23977084355143474
20.926237106323242	0.9992850781736855	5.034323048595563e-05	0.4684229395220445	-5.034323048595563e-05	0.9992850781736855	0.2719117495022488
20.328998565673828	0.9995411167238283	3.2470792860781165e-05	0.31609248895343645	-3.2470792860781165e-05	0.9995411167238283	0.2243746756104958
22.285938262939453	0.9994311015314911	-5.959424513004769e-05	0.4349282615162504	5.959424513004769e-05	0.9994311015314911	0.22226221560289244
20.69234848022461	0.9996293835328209	-0.00014695255985411286	0.29781538281868614	0.00014695255985411286	0.9996293835328209	0.09572736437824855
20.518779754638672	0.9996978185039216	-0.00010039835702279563	0.23007071404526425	0.00010039835702279563	0.9996978185039216	0.0416678944801767
21.206140518188477	0.999640501217097	-4.8122906030744094e-05	0.35540835558711104	4.8122906030744094e-05	0.999640501217097	0.0990245944899019
24.918556213378906	0.9997774652807857	8.683515993891509e-05	0.1337777778801823	-8.683515993891509e-05	0.9997774652807857	0.1802794478054146
23.685932159423828	0.9997954276272429	0.000235739243516873	0.009455733038632896	-0.000235739243516873	0.9997954276272429	0.18172155429447995
20.5690860748291	0.999812670229217	0.00015260409065409136	0.23044835974068284	-0.00015260409065409136	0.999812670229217	0.15963463769979547
20.600318908691406	0.9997527306725388	2.164549781111891e-05	0.16697524405795153	-2.164549781111891e-05	0.9997527306725388	0.12675436946387728
21.182537078857422	0.9996430017954364	-0.00010325946635312733	0.32838747478708935	0.00010325946635312733	0.9996430017954364	0.0863946175442889
20.717382431030273	0.9997098580398565	-4.324202669827833e-05	0.234206886964206	4.324202669827833e-05	0.9997098580398565	0.06502767232515594
21.028518676757812	0.9997524388046226	7.801020274371306e-05	0.0691275974605577	-7.801020274371306e-05	0.9997524388046226	0.19108126045591764
21.036863327026367	0.9998206488032109	2.022263396613103e-05	0.0795941488453742	-2.022263396613103e-05	0.9998206488032109	0.021000817710288156
21.096229553222656	0.9997285960117918	0.00015044105859479885	0.12382854061300048	-0.00015044105859479885	0.9997285960117918	0.3416718636372109
21.53182029724121	0.9997259476504886	0.00010709654913011198	0.03494275510429006	-0.00010709654913011198	0.9997259476504886	0.14335186964003876
20.923376083374023	0.9996284917770378	9.923111419697535e-05	0.17549687960074992	-9.923111419697535e-05	0.9996284917770378	0.21332098151048592
21.43073081970215	0.9996526992183101	4.7771999857335694e-05	0.1253823021239201	-4.7771999857335694e-05	0.9996526992183101	0.157334583789516
21.035432815551758	0.9994885595169308	-3.1313342453101666e-05	0.2320152097522858	3.1313342453101666e-05	0.9994885595169308	0.18666268647277173
21.146535873413086	0.9994894029962613	1.7005942467246817e-05	0.2938355942716995	-1.7005942467246817e-05	0.9994894029962613	0.2880127411382051
21.95572853088379	0.9997457897392616	0.0001450961778790845	-0.06603153853469507	-0.0001450961778790845	0.9997457897392616	0.20287196690957954
21.38805389404297	0.9995115837170223	-8.243107767778579e-05	0.21786802267703997	8.243107767778579e-05	0.9995115837170223	0.07774627203539441
21.463394165039062	0.9996414226973968	-7.485801971671907e-05	0.24667224377453023	7.485801971671907e-05	0.9996414226973968	0.1381279146865167
21.009445190429688	0.9995760888099215	3.753036540639811e-05	0.18131535330895782	-3.753036540639811e-05	0.9995760888099215	0.16622877935070318
21.08287811279297	0.9996222278805996	1.6561210901450715e-06	0.13084816765740553	-1.6561210901450715e-06	0.9996222278805996	0.13563349238413136
21.511554718017578	0.9996329619876066	-8.538787532639408e-05	0.17817012249188163	8.538787532639408e-05	0.9996329619876066	0.14451551237102933
21.338462829589844	0.9992273587821023	-0.00010252435708244991	0.6559204247032271	0.00010252435708244991	0.9992273587821023	0.3912607298130474
21.335840225219727	0.9994391420734178	3.117391433415377e-05	0.2680988420293876	-3.117391433415377e-05	0.9994391420734178	0.09046432383345582
21.808624267578125	0.9998607868643615	-1.4691808701969213e-05	-0.07127452896297354	1.4691808701969213e-05	0.9998607868643615	-0.10559588628897043
21.49224281311035	0.9993689031539187	-2.5909475870064933e-05	0.505061690660923	2.5909475870064933e-05	0.9993689031539187	0.42215559354749876
21.95262908935547	0.9997064973027543	-4.36694172057839e-05	0.1919064630687623	4.36694172057839e-05	0.9997064973027543	-0.055769806419278325
21.264314651489258	0.9998694698861706	-7.918056395051271e-05	-0.06438272582002369	7.918056395051271e-05	0.9998694698861706	0.13772838271249763
21.15774154663086	0.9998283639361686	-0.00016630672781146134	0.014510775928291517	0.00016630672781146134	0.9998283639361686	-0.2682616202001612
21.401166915893555	1.0000950534583029	2.5738132542647495e-05	-0.22948179863461943	-2.5738132542647495e-05	1.0000950534583029	0.07746872882365914
20.955801010131836	0.9993841702151136	-6.0901436563266594e-05	0.33733162503424585	6.0901436563266594e-05	0.9993841702151136	0.07213873508044848
21.430253982543945	0.9992501178129822	-0.00014116712726324274	0.6315146037180909	0.00014116712726324274	0.9992501178129822	0.5098026925596097
20.835161209106445	0.9995378040203104	9.666332974275428e-05	0.20931819343037739	-9.666332974275428e-05	0.9995378040203104	0.11321708151844206
20.943880081176758	0.9999518502203331	9.290766414816803e-05	-0.19600047119576613	-9.290766414816803e-05	0.9999518502203331	0.28234725540153627
21.706581115722656	0.9998462259808986	5.47720135103822e-05	0.04542733638980915	-5.47720135103822e-05	0.9998462259808986	0.12846282528700562
22.18151092529297	0.9996958099828779	0.0001753660990493431	-0.003939753875627394	-0.0001753660990493431	0.9996958099828779	0.05411715259214289
21.297693252563477	0.9992254824955759	0.00015573965924461073	0.366877514491166	-0.00015573965924461073	0.9992254824955759	0.3880797619163334
20.6756591796875	0.9999303754596927	-2.3005802219942884e-05	-0.03463988838212123	2.3005802219942884e-05	0.9999303754596927	0.0361107770189903
20.62511444091797	0.9997557387667642	-5.32601734768154e-05	-0.015257827825548492	5.32601734768154e-05	0.9997557387667642	0.027120674432918025
21.303176879882812	0.9999136581397368	4.832887301078152e-05	-0.054478960237029056	-4.832887301078152e-05	0.9999136581397368	-0.10636112781109366
20.915508270263672	0.9995877393823757	-6.29787919290285e-05	0.22267867317613999	6.29787919290285e-05	0.9995877393823757	0.2736885352512718
21.47507667541504	0.9995559595699969	-1.9115780889074675e-05	0.2737519985547467	1.9115780889074675e-05	0.9995559595699969	0.23804768711006657
20.748376846313477	0.9997596022060845	-5.861451463316702e-05	0.10265875783592884	5.861451463316702e-05	0.9997596022060845	-0.13608519324198198
20.906448364257812	0.9997951294778319	-2.201048744650595e-05	0.14818948253784364	2.201048744650595e-05	0.9997951294778319	0.36941219110251505
21.27242088317871	0.9998157951621054	-8.040301757636005e-05	0.009648486673424828	8.040301757636005e-05	0.9998157951621054	-0.10669661971260819
20.845890045166016	0.9998360297025296	0.00012662355844614197	0.07347866397873333	-0.00012662355844614197	0.9998360297025296	0.2486431074828689
21.477222442626953	0.999948376803905	2.4586836096688813e-05	0.002686868602516233	-2.4586836096688813e-05	0.999948376803905	-0.0809402819726253
21.131038665771484	1.000040945895915	0.00011244708380245956	-0.2518398824187783	-0.00011244708380245956	1.000040945895915	0.20067400672848695
20.952224731445312	0.9999144295186876	0.00021852081766326282	-0.19156269293670347	-0.00021852081766326282	0.9999144295186876	0.09544871859267282
21.433591842651367	0.9996538556512229	4.285076018595955e-05	0.3386368277350116	-4.285076018595955e-05	0.9996538556512229	0.10684076397463585
21.061182022094727	0.9999547563674914	5.051298475074977e-05	-0.2756189723466391	-5.051298475074977e-05	0.9999547563674914	0.15384185508644704
21.50583267211914	1.0003661585192625	6.93463178032967e-05	-0.29930812268132795	-6.93463178032967e-05	1.0003661585192625	-0.14711363312446374
20.869970321655273	0.999975905521574	-3.213061623554738e-05	-0.18411669381684342	3.213061623554738e-05	0.999975905521574	-0.24493275087513494
21.167993545532227	0.9999603004106423	-1.1945163940415759e-05	-0.12681552018778675	1.1945163940415759e-05	0.9999603004106423	0.1632287300278841
21.209001541137695	0.9995882094945577	-5.001853270280768e-05	0.25700577311736544	5.001853270280768e-05	0.9995882094945577	0.00015670811602681156
20.963191986083984	0.999546000330724	-1.980331275373121e-05	0.27754330262702803	1.980331275373121e-05	0.999546000330724	0.03912186060490497
21.422863006591797	1.0002895925592075	-0.0001637072602197157	-0.25840623683330377	0.0001637072602197157	1.0002895925592075	-0.1661085967640158
20.91240882873535	0.9999332785599588	-2.5779093607970376e-05	-0.126390154043905	2.5779093607970376e-05	0.9999332785599588	-0.13463146635351417
20.870447158813477	0.9998986461676609	-8.225269205665693e-05	-0.00207409801885252	8.225269205665693e-05	0.9998986461676609	-0.10892833665391063
21.82793617248535	0.9997063920142206	-2.925111406403207e-05	0.16037337451265093	2.925111406403207e-05	0.9997063920142206	0.5847408231538598
21.35014533996582	0.999859857556132	3.601651991800084e-05	-0.1303197625292569	-3.601651991800084e-05	0.999859857556132	-0.010828504416324394
21.416664123535156	1.00003287938021	2.541166229777972e-05	-0.1386555027657148	-2.541166229777972e-05	1.00003287938021	0.05572671167272805
21.123409271240234	1.000358538324155	-7.251467698671041e-05	-0.5314853243023026	7.251467698671041e-05	1.000358538324155	-0.14326346064076198
21.06761932373047	1.000008317402766	-3.086842250113996e-05	-0.2967065578606553	3.086842250113996e-05	1.000008317402766	-0.18032759969413029
21.835803985595703	0.9995767678989637	-0.00011175280213613747	0.326294956666591	0.00011175280213613747	0.9995767678989637	0.09982740455259215
21.389007568359375	0.9997354843614494	-7.926505319063109e-05	0.043766587434997624	7.926505319063109e-05	0.9997354843614494	0.17828784854284013
21.23570442199707	0.9999601699117613	3.582744371748831e-05	0.1058094928047329	-3.582744371748831e-05	0.9999601699117613	0.05593061021490969
20.918846130371094	0.9997517831484721	-0.00012259013320610641	0.0894012069405904	0.00012259013320610641	0.9997517831484721	-0.2640443409615162
20.718097686767578	0.9999382951181709	0.0001408868177928855	-0.13969914440194786	-0.0001408868177928855	0.9999382951181709	0.05417521889124366
21.202564239501953	0.9999461265662907	1.5128068063427348e-05	0.0665658430357066	-1.5128068063427348e-05	0.9999461265662907	0.0821693771539203
21.129131317138672	1.0001315129686985	3.329282070694162e-05	-0.3745366384239579	-3.329282070694162e-05	1.0001315129686985	0.17788917681637098
24.96170997619629	1.0001261902207828	0.0002954561014339362	-0.36770024348859554	-0.0002954561014339362	1.0001261902207828	0.09815183374416116
20.720958709716797	0.999967984836542	-3.32953304853182e-05	-0.5177780279601527	3.32953304853182e-05	0.999967984836542	0.009287332606266603
21.030187606811523	0.9999946827086608	3.649688923594482e-05	-0.22941427731477798	-3.649688923594482e-05	0.9999946827086608	-0.0375724797381784
21.793842315673828	1.0004338639261279	5.221148774355856e-05	-0.5691138486286348	-5.221148774355856e-05	1.0004338639261279	-0.18837423402572626
21.30126953125	0.9997228572856897	2.344667654042144e-05	0.022393420567117246	-2.344667654042144e-05	0.9997228572856897	0.4337509964514268
22.114038467407227	0.9993286307661381	-0.00011677187344904687	0.7527312963134232	0.00011677187344904687	0.9993286307661381	0.2126679919772212
20.95961570739746	0.9998797256742893	-5.188954749846637e-05	0.008299112021750137	5.188954749846637e-05	0.9998797256742893	-0.15510763700080413
21.28291130065918	1.000390193996837	6.170059203985648e-05	-0.5067122258379277	-6.170059203985648e-05	1.000390193996837	-0.04375415925812865
22.061586380004883	1.0005531059229253	2.7960630120815484e-05	-0.6063530988757424	-2.7960630120815484e-05	1.0005531059229253	-0.43647727610058346
21.297454833984375	0.9998774384417786	7.305067066833916e-05	0.22828694540203995	-7.305067066833916e-05	0.9998774384417786	-0.18996941390456729
22.62401580810547	0.9992409342550821	1.8694880718007727e-05	0.9006132097523882	-1.8694880718007727e-05	0.9992409342550821	0.5244205813084264
21.459102630615234	0.9998990949916006	0.00015497647949780233	0.11510443424261088	-0.00015497647949780233	0.9998990949916006	0.00812735759058747
21.684885025024414	1.0005667526494122	0.0001629555491786029	-0.5672215780993893	-0.0001629555491786029	1.0005667526494122	-0.13059600327799623
22.235870361328125	1.000136686268645	6.769397751286924e-05	-0.03175392682217291	-6.769397751286924e-05	1.000136686268645	0.015055794993140453
21.811246871948242	1.0004068491239362	0.0002574888661512185	-0.25222360387540055	-0.0002574888661512185	1.0004068491239362	-0.10792199803136633
21.742582321166992	0.9999740659719681	0.00014817408159466553	0.028780059386221524	-0.00014817408159466553	0.9999740659719681	0.1295307805622321
21.610260009765625	0.9999494695553008	9.704521750204626e-05	0.24710778434785474	-9.704521750204626e-05	0.9999494695553008	0.01558077149218484
21.617650985717773	0.9993775597332998	2.165893038420043e-05	0.7414301472636406	-2.165893038420043e-05	0.9993775597332998	0.45223924989179526
22.542238235473633	0.999257879866627	-1.1582295988508554e-06	0.8546693441614501	1.1582295988508554e-06	0.999257879866627	0.2830701991778964
21.45242691040039	0.9996705418265666	3.541803665614564e-05	0.38545600998962126	-3.541803665614564e-05	0.9996705418265666	0.1078303775479008
22.8421688079834	1.00044573623778	1.4770781685248535e-05	-0.21623033814981088	-1.4770781685248535e-05	1.00044573623778	-0.1041850235826765
21.82602882385254	0.9998310499294237	-3.5582962379703854e-05	0.11424189636588226	3.5582962379703854e-05	0.9998310499294237	-0.15521996090901607
21.96216583251953	0.9994947388089199	7.770171747984971e-05	0.6581407416258472	-7.770171747984971e-05	0.9994947388089199	0.5974453256223156
22.377729415893555	0.9996664383643622	5.0550753793732513e-05	0.4030892310679639	-5.0550753793732513e-05	0.9996664383643622	0.2174117258126799
21.651029586791992	0.9997012966240688	3.4258855791650743e-05	0.4054074143815206	-3.4258855791650743e-05	0.9997012966240688	0.04257284271783508
22.33433723449707	0.999901285013246	0.00017153455684278666	0.36021265862079144	-0.00017153455684278666	0.999901285013246	0.28570321596453035
21.731853485107422	0.9997997251027756	2.12544475109007e-05	0.3376025346620132	-2.12544475109007e-05	0.9997997251027756	-0.16268670366320764
22.277116775512695	0.9996222926089514	0.0001741346926390349	0.7258234404439969	-0.0001741346926390349	0.9996222926089514	0.7526652460835269
22.96161651611328	1.0001707148854118	0.0001693465616443271	0.06924766248695793	-0.0001693465616443271	1.0001707148854118	-0.08586324407632961
21.803855895996094	1.0000382752531218	0.00027302551937866105	0.152202390042586	-0.00027302551937866105	1.0000382752531218	0.1601999134834622
22.495508193969727	1.0003479458185651	0.00017925406835281318	-3.190995149316489e-07	-0.00017925406835281318	1.0003479458185651	-0.06330595525826095
21.808147430419922	1.000050069629241	0.00016128069425731546	0.207742535543457	-0.00016128069425731546	1.000050069629241	0.3988212767387082
21.87943458557129	1.0000524337264922	0.00013208795740105234	0.19409682025900832	-0.00013208795740105234	1.0000524337264922	0.08823127256806607
22.5064754486084	0.9994938305535808	0.00010279375533562993	0.7364531786389343	-0.00010279375533562993	0.9994938305535808	0.4335559657030448
21.689176559448242	0.9996649647303819	7.992129287808848e-05	0.7353014213037987	-7.992129287808848e-05	0.9996649647303819	0.5092808652498355
21.3162899017334	0.9997950135470793	0.00011937541112640954	0.585501830419382	-0.00011937541112640954	0.9997950135470793	0.041688828761088384
23.057937622070312	0.9996930712515936	0.00010656000372901008	0.9570191175396061	-0.00010656000372901008	0.9996930712515936	0.11635362378278633
21.44455909729004	0.9997748260259951	-1.0502373572811037e-05	0.6906891753550712	1.0502373572811037e-05	0.9997748260259951	0.10073973801523972
22.568702697753906	1.0000244619486933	0.000176404907641635	0.39046595468420153	-0.000176404907641635	1.0000244619486933	0.2596977596500073
21.84915542602539	1.0000889479257185	0.000133746255981028	0.16024640386101785	-0.000133746255981028	1.0000889479257185	0.08265024731660794
21.935224533081055	1.0000154903026635	0.0001689971710284753	0.3762970618300395	-0.0001689971710284753	1.0000154903026635	0.1948217565921719
23.070096969604492	0.999942364136931	0.00012480595875570706	0.4269472365425903	-0.00012480595875570706	0.999942364136931	0.3825513693058993
22.14670181274414	1.0000298965711494	0.0002279453676602614	0.19452570104955258	-0.0002279453676602614	1.0000298965711494	0.12622937764912479
23.84185791015625	1.0006809001755115	0.0003870007877684823	-0.45169297301057304	-0.0003870007877684823	1.0006809001755115	0.0100898653121752
22.263288497924805	1.0002243141518408	7.207256300473429e-05	0.15703015859293545	-7.207256300473429e-05	1.0002243141518408	0.09485473575407034
22.61185646057129	1.0003248198324843	0.0002641399790623728	-0.01313918697846872	-0.0002641399790623728	1.0003248198324843	0.11212271142824948
24.123668670654297	1.0001144520724934	0.00022279103815972312	0.3412397124656606	-0.00022279103815972312	1.0001144520724934	0.16384083940087327
22.19676971435547	0.9995451945873548	0.00022937104836483736	1.0242033604341843	-0.00022937104836483736	0.9995451945873548	0.5802864616549025
23.114919662475586	0.999770046670004	0.000522598055371532	0.6164485706319243	-0.000522598055371532	0.999770046670004	0.6847314080476065
22.28832244873047	0.9986889626900078	0.00017055671960305316	2.319293899431479	-0.00017055671960305316	0.9986889626900078	0.7710928438031237
22.118330001831055	0.9990613096524008	0.0003252666885906353	1.6916176792649036	-0.0003252666885906353	0.9990613096524008	1.205224956163506
23.308277130126953	0.9997877599600267	0.00040737362193844057	0.5685503251983646	-0.00040737362193844057	0.9997877599600267	0.520088083067595
22.471904754638672	0.9997319455849886	0.0003304765880485758	0.5903871034274062	-0.0003304765880485758	0.9997319455849886	0.4454711744736706
23.059844970703125	0.9998358370559185	0.0002958358246127842	0.4795405072320389	-0.0002958358246127842	0.9998358370559185	0.6723998397683251
22.055864334106445	0.9999908902400335	0.0005015531085479522	0.33651160735645647	-0.0005015531085479522	0.9999908902400335	0.6141390031129854
21.930456161499023	1.0001185062059033	0.0004586583442726145	0.19706378309340145	-0.0004586583442726145	1.0001185062059033	0.6356375167429948
23.534774780273438	1.0004908958436758	0.0004646113195862774	-0.21848386779866133	-0.0004646113195862774	1.0004908958436758	0.3727173856447658
21.871089935302734	0.9996652031991905	0.00024185649117228092	0.7499116868061075	-0.00024185649117228092	0.9996652031991905	0.6767986078189654
22.649288177490234	0.9995632032708432	0.00036534519447263016	0.873377068437726	-0.00036534519447263016	0.9995632032708432	0.6910015649615551
22.101163864135742	0.9999555944014898	0.0001548878017778465	0.5009729727969101	-0.0001548878017778465	0.9999555944014898	0.11624146566151441
21.615982055664062	0.999905715091016	0.00019479568696029612	0.5564328796829847	-0.00019479568696029612	0.999905715091016	0.2582520809433023
22.82238006591797	1.0005697253788883	0.00022449244666783856	-0.09232294790639584	-0.00022449244666783856	1.0005697253788883	0.10840068017891005
21.756887435913086	1.0001837750297609	0.00012988559630773214	0.13636648811314867	-0.00012988559630773214	1.0001837750297609	-0.09301325631542588
23.746490478515625	0.9996604768610747	0.00028512363200841427	0.8191505939367059	-0.00028512363200841427	0.9996604768610747	0.632026341911042
21.94070816040039	1.0003496949624953	0.000259638657541838	-0.01605614410592726	-0.000259638657541838	1.0003496949624953	0.3398486027642206
22.600889205932617	0.9984539147110353	0.0006307502421450948	3.06875029646617	-0.0006307502421450948	0.9984539147110353	1.4103573769312614
24.517297744750977	1.0001435769381493	0.0006100811360944978	0.2967587836696025	-0.0006100811360944978	1.0001435769381493	0.75137211398759
23.2393741607666	1.0001554411857256	0.0004637782443187597	-0.008279049944686263	-0.0004637782443187597	1.0001554411857256	0.7247965608375807
23.923397064208984	1.0007375071061755	0.0008769682640685617	-0.43897974888643215	-0.0008769682640685617	1.0007375071061755	0.7394310700367276
22.518396377563477	1.0000445444989117	0.0008433100992082448	0.1427749941572123	-0.0008433100992082448	1.0000445444989117	1.0265678850981637
23.494720458984375	0.9995337595950263	0.0005750285897252825	0.8453503916536351	-0.0005750285897252825	0.9995337595950263	1.2421546285499163
22.943735122680664	1.0009299359156996	0.0005559928931741274	-0.5859981388562344	-0.0005559928931741274	1.0009299359156996	0.29445861579613114
21.998882293701172	0.99994612903812	0.00054970774226197	0.45157518559790133	-0.00054970774226197	0.99994612903812	0.7024394704454034
23.189306259155273	1.0003714165601427	0.0004301449787292835	-0.04875638303253116	-0.0004301449787292835	1.0003714165601427	0.49198900766319137
21.87061309814453	1.0004458688071143	0.00029411001276045967	-0.1881313758682266	-0.00029411001276045967	1.0004458688071143	0.3274435083504661
21.747350692749023	1.000262833403632	0.00036157569961185716	0.3041207516646328	-0.00036157569961185716	1.000262833403632	0.36308760633197634
22.882938385009766	1.0005022159812986	0.00049644398227651	0.008049841227900978	-0.00049644398227651	1.0005022159812986	0.5132424797083494
22.296905517578125	1.00028541880366	0.0002608253831172317	0.05761013828763148	-0.0002608253831172317	1.00028541880366	0.21388430205966624
23.487329483032227	1.0002370496105117	0.00026163887705637134	0.07335827334776795	-0.00026163887705637134	1.0002370496105117	0.22063112190306614
21.982431411743164	1.000249414193896	0.0003854238853042316	0.1287912121942066	-0.0003854238853042316	1.000249414193896	0.32177010110794
21.995067596435547	1.0001009640883711	0.00028544981671230603	0.44277910810029286	-0.00028544981671230603	1.0001009640883711	0.24601123739918465
22.8426456451416	1.0003246719815952	0.00027144300888941157	-0.07796072849044827	-0.00027144300888941157	1.0003246719815952	0.28035461556429675
21.87967300415039	1.000208110906753	0.00028081356061796826	0.275654499960549	-0.00028081356061796826	1.000208110906753	0.19746560193062418
22.6593017578125	1.0001088335765687	0.0010040915160952066	0.7856323411254309	-0.0010040915160952066	1.0001088335765687	1.5174126621795514
21.733999252319336	1.0003554486780746	0.00034952484941921735	0.25338034884018706	-0.00034952484941921735	1.0003554486780746	0.2300139291021194
21.694660186767578	1.0002524208474715	0.00017261994820358157	0.20139701871242988	-0.00017261994820358157	1.0002524208474715	0.1030114673814988
22.676944732666016	1.0002073263375624	0.00029242867406316635	0.4677185893279521	-0.00029242867406316635	1.0002073263375624	0.09826308248310456
21.924734115600586	1.000274481609557	0.00023381274405922053	0.3288862663930349	-0.00023381274405922053	1.000274481609557	0.19723781614925284
22.652864456176758	1.0004059679853963	0.0002608265699550723	-0.044524172895356706	-0.0002608265699550723	1.0004059679853963	0.11453245416534358
22.43804931640625	1.0003431988207094	0.00019953114981184595	0.17116564183392252	-0.00019953114981184595	1.0003431988207094	-0.028560798802755524
21.560192108154297	1.000050442169787	0.0002558343150408731	0.788369684636883	-0.0002558343150408731	1.000050442169787	0.2299809426766597
22.565126419067383	1.0004490888817046	0.0002185178043687918	0.021891271269554004	-0.0002185178043687918	1.0004490888817046	0.09603337467461112
21.737098693847656	1.0003456395433976	0.0002233387650741981	0.19545110028113266	-0.0002233387650741981	1.0003456395433976	0.03259538465693315
22.473812103271484	1.0002364588283466	0.00027656886882525294	0.350771800070373	-0.00027656886882525294	1.0002364588283466	0.15147436691568295
21.50869369506836	1.0002898294970552	0.0001693208526433061	0.2866583111339035	-0.0001693208526433061	1.0002898294970552	0.07991280955415403
21.708965301513672	1.0003092969361442	0.0002784771767945188	0.3134560951504745	-0.0002784771767945188	1.0003092969361442	0.1698975837503964
22.388458251953125	1.0003795549726013	0.00023631408024068663	0.21300659003558123	-0.00023631408024068663	1.0003795549726013	0.14694128019371913
21.447181701660156	1.0003334739089724	0.00033186842414840035	0.37121603447488666	-0.00033186842414840035	1.0003334739089724	0.25893288431057804
22.138357162475586	1.000334855767399	0.00038193628550853265	0.03366296108988315	-0.00038193628550853265	1.000334855767399	0.12988426200357253
21.375656127929688	1.0001941577947198	0.00030408360719590827	0.3627390716068755	-0.00030408360719590827	1.0001941577947198	0.23001675478669828
21.382570266723633	1.0002449443319275	0.0002373043576406752	0.24119434619456934	-0.0002373043576406752	1.0002449443319275	0.217432128071991
22.08876609802246	1.0005152231789387	0.0002009180816275828	-0.12250253548248438	-0.0002009180816275828	1.0005152231789387	0.05948692498048962
21.471738815307617	1.0002837181075819	8.911616322441015e-05	0.16404758283539556	-8.911616322441015e-05	1.0002837181075819	0.012372935581330902
22.249460220336914	1.0004670935623163	0.00011987891822101713	-0.20583240748644907	-0.00011987891822101713	1.0004670935623163	0.012277971871362718
21.827220916748047	1.000246640877651	0.00018271768426037296	0.34466144789021325	-0.00018271768426037296	1.000246640877651	0.09213600613956974
21.693706512451172	1.0003819892593544	0.0001297266821765271	0.12888706962401975	-0.0001297266821765271	1.0003819892593544	0.035979614840082885
22.02582359313965	1.0009090070086737	0.00031601500653327094	-0.19511586251248994	-0.00031601500653327094	1.0009090070086737	-0.030562558752887575
21.5456485748291	1.0002998995316483	0.00017749572897763589	0.07534686723814799	-0.00017749572897763589	1.0002998995316483	0.03608992047180015
21.733999252319336	1.0003178429624817	0.00015877349199304124	-0.014833938924394025	-0.00015877349199304124	1.0003178429624817	-0.015242554870485953
21.282434463500977	1.0004632926936274	0.0002397284422027372	-0.0030368685016925745	-0.0002397284422027372	1.0004632926936274	0.03732235910833164
21.11959457397461	1.0004434119821453	0.00020919777861660418	0.11830404179172009	-0.00020919777861660418	1.0004434119821453	-0.03245032104449964
21.567344665527344	1.0002852876003705	0.00016981385606047717	-0.02817412815490908	-0.00016981385606047717	1.0002852876003705	-0.015276950604945353
21.168947219848633	1.000580640695973	0.00029776896095106277	0.1704343711025893	-0.00029776896095106277	1.000580640695973	0.02153062464996175
21.652698516845703	1.0004100278293502	0.00018353350796208772	-0.14027366061221988	-0.00018353350796208772	1.0004100278293502	-0.02752103992935717
21.13795280456543	1.0006002302317218	0.00014092821948252863	-0.14371662082754194	-0.00014092821948252863	1.0006002302317218	-0.07522675032460273
21.239519119262695	1.000545057481627	0.00013520282753959011	-0.13033667957891068	-0.00013520282753959011	1.000545057481627	-0.0900491174806575
21.486282348632812	1.000546986006027	0.00017371966846419114	-0.28182221791059986	-0.00017371966846419114	1.000546986006027	-0.11617090276979417
21.062850952148438	1.0006530446925757	0.0002207948558418945	-0.11840639134242711	-0.0002207948558418945	1.0006530446925757	-0.001940967745079361
20.96104621887207	1.0005581502302732	0.00021603865348035243	0.01350226687607936	-0.00021603865348035243	1.0005581502302732	0.026762883556549655
21.553993225097656	1.0004461716014488	0.00011154278488401172	0.02670660424648455	-0.00011154278488401172	1.0004461716014488	-0.07571576659746576
21.02208137512207	1.0004287413150978	0.00024081388528870117	0.19308098938461837	-0.00024081388528870117	1.0004287413150978	0.10365464231020871
21.44336700439453	1.0004094538006238	0.00014905912263542544	-0.015593927852073648	-0.00014905912263542544	1.0004094538006238	0.004210718392956009
20.887374877929688	1.0003358664298525	0.0003040050335627901	0.11096470995408181	-0.0003040050335627901	1.0003358664298525	0.18178436651436414
21.068334579467773	1.0004413056882377	0.00018103145647858462	0.030719062801321206	-0.00018103145647858462	1.0004413056882377	-0.035093849534080686
21.355867385864258	1.000474534298099	0.00010041412966379364	-0.08088969361461104	-0.00010041412966379364	1.000474534298099	-0.05159892626276567
23.229122161865234	1.0003586761262597	0.00023234042355614937	-0.09567016528784444	-0.00023234042355614937	1.0003586761262597	0.1061949139946634
21.537303924560547	1.0005078940292458	0.00015087861009731044	-0.024801138936922568	-0.00015087861009731044	1.0005078940292458	-0.05615253915472429
21.280765533447266	1.0003024212034783	0.0002956003689809888	0.1177706902305792	-0.0002956003689809888	1.0003024212034783	0.21938572702294684
20.83444595336914	1.0003578068230763	0.00020110403448569047	-0.04391136530793513	-0.00020110403448569047	1.0003578068230763	-0.04684120334740887
21.37899398803711	1.0005669296779423	3.0199906965811566e-05	-0.09499608225843567	-3.0199906965811566e-05	1.0005669296779423	-0.14623019252480543
21.05116844177246	1.000403413037676	-2.014414522382539e-05	0.017327340071755744	2.014414522382539e-05	1.000403413037676	-0.10445487858342145
21.257400512695312	1.0007561082335859	0.00016380291464987505	-0.08874731328749208	-0.00016380291464987505	1.0007561082335859	-0.11250212816405813
20.989656448364258	1.0004056113420676	2.5320904488611458e-05	0.011314531480356483	-2.5320904488611458e-05	1.0004056113420676	-0.09161068509373049
20.838499069213867	1.0004031112681522	1.391044401682684e-05	0.054021359024582716	-1.391044401682684e-05	1.0004031112681522	-0.0919761843569965
21.08025550842285	1.0005330475710743	-1.1330083209014618e-05	-0.09768102485462599	1.1330083209014618e-05	1.0005330475710743	-0.19747198624685602
20.557165145874023	1.0004224499067	1.9039894324315577e-05	-0.08623049335243024	-1.9039894324315577e-05	1.0004224499067	-0.07218436421595101
21.12579345703125	1.000503417684428	-4.6614485614140206e-05	-0.11151612078770358	4.6614485614140206e-05	1.000503417684428	-0.21059626088919747
20.928621292114258	1.0003115005697196	0.00010263188636880152	-0.04762510790393493	-0.00010263188636880152	1.0003115005697196	0.06497568651820046
20.924091339111328	1.000465851136187	0.00015043984422527122	-0.008488545316626128	-0.00015043984422527122	1.000465851136187	-0.06705992633514246
21.013975143432617	1.0003861639605922	0.00019248800091654553	-0.153832337761886	-0.00019248800091654553	1.0003861639605922	0.10887216970128717
20.71690559387207	1.000423165913791	0.00012644837537035156	-0.022475361014172864	-0.00012644837537035156	1.000423165913791	-0.07274270636087511
21.1334228515625	1.000361599012494	-1.853793556263775e-05	-0.0293572509748748	1.853793556263775e-05	1.000361599012494	-0.12611059076099618
20.946025848388672	1.000396122791026	4.4553384258193385e-05	-0.021733620667867926	-4.4553384258193385e-05	1.000396122791026	-0.07367507736128641
22.925376892089844	1.0003781868099728	-5.404461528932313e-05	0.05518048566415484	5.404461528932313e-05	1.0003781868099728	-0.1438788471578156
21.075010299682617	1.0002677203213755	6.707546531303842e-05	-0.03872718710066825	-6.707546531303842e-05	1.0002677203213755	0.08416854726697165
20.74718475341797	1.000363857903922	-5.769489998544905e-06	0.10551976421392986	5.769489998544905e-06	1.000363857903922	-0.17093178532439995
20.987510681152344	1.0002051137931165	-0.00012524614451074753	0.08704577951152477	0.00012524614451074753	1.0002051137931165	-0.12391910176875237
20.502567291259766	1.0002726880471557	-0.00012062703933883709	0.14003709770285466	0.00012062703933883709	1.0002726880471557	-0.10773023593112194
20.836830139160156	1.0002475466498897	-8.53271500402244e-05	0.07358744841182642	8.53271500402244e-05	1.0002475466498897	-0.0661634309139076
20.863056182861328	1.0004548281725376	-0.00016476326678523955	0.11882609570197421	0.00016476326678523955	1.0004548281725376	-0.14964477648566593
20.540714263916016	1.000308919525535	-4.111990912088365e-05	0.10802214541463984	4.111990912088365e-05	1.000308919525535	0.01661177183929985
20.702600479125977	1.0001078362641909	-0.00010781103152489652	0.10123082208969587	0.00010781103152489652	1.0001078362641909	-0.022645961205733145
20.508766174316406	1.0002640381773373	4.616164340695084e-05	0.022619976473493453	-4.616164340695084e-05	1.0002640381773373	-0.04401351460378011
20.65587043762207	1.0003782552487859	8.499196223950203e-05	0.03304294744948977	-8.499196223950203e-05	1.0003782552487859	-0.1106623656413607
20.58863639831543	1.0001971303443893	8.117573116360729e-05	-0.09379540551300086	-8.117573116360729e-05	1.0001971303443893	-0.00607878886731159
20.472288131713867	1.0002604684741891	7.752991380553354e-05	0.02013377316850807	-7.752991380553354e-05	1.0002604684741891	-0.08011058217720017
20.882844924926758	1.0001880671246621	8.587408187290182e-05	-0.1397702600729099	-8.587408187290182e-05	1.0001880671246621	0.07974483428496941
20.48349380493164	1.000287319380822	6.314521953226172e-05	-0.017856800218499044	-6.314521953226172e-05	1.000287319380822	-0.1252160971157782
20.540952682495117	1.000314488657045	9.77870756760141e-05	-0.07251453809615152	-9.77870756760141e-05	1.000314488657045	-0.05659510747754459
21.115779876708984	1.0002025228563687	0.00010878262056216112	-0.12434004743563144	-0.00010878262056216112	1.0002025228563687	-0.017627753584259075
20.4770565032959	1.0003358766931527	0.00017465206845927237	0.07651698467812817	-0.00017465206845927237	1.0003358766931527	0.06959339856600733
22.435426712036133	1.0002850483162886	0.000169620462508533	-0.008762120622391458	-0.000169620462508533	1.0002850483162886	0.007364621877423146
20.44200897216797	1.0003545058908914	0.00025552302915924675	-0.061158870115886596	-0.00025552302915924675	1.0003545058908914	0.06339646018609735
20.43294906616211	1.0003550517674782	0.00021000702594195544	-0.01255761487614688	-0.00021000702594195544	1.0003550517674782	-0.06896318005380679
20.966053009033203	1.0004275682317767	0.00014428429302196287	-0.06212174671664361	-0.00014428429302196287	1.0004275682317767	0.0219276660188569
20.68352699279785	1.00035320949863	0.00028859749305604903	0.024195024356465672	-0.00028859749305604903	1.00035320949863	0.029032597425420706
21.017074584960938	1.0001729370169108	0.00013696452061475904	0.11735714691264203	-0.00013696452061475904	1.0001729370169108	0.027629864106674173
20.586490631103516	1.0003483277456722	0.0002400214134371391	0.035195339349842314	-0.0002400214134371391	1.0003483277456722	0.04329636599679354
20.72286605834961	1.000250918484141	0.0002572315777818591	-0.012546798462624187	-0.0002572315777818591	1.000250918484141	0.0176660745977979
20.874500274658203	1.000205741638639	0.00026996388143575806	0.011250970692376154	-0.00026996388143575806	1.000205741638639	0.12372107302689989
20.621061325073242	1.0001597659926362	0.00017784557318543733	0.03038769352106124	-0.00017784557318543733	1.0001597659926362	0.09123853670692991
20.769596099853516	1.0001854838580502	0.00022927242440807708	0.021344565284308503	-0.00022927242440807708	1.0001854838580502	-0.06162241561260355
20.858049392700195	1.0001391627065161	0.00020331881702802016	0.11689813933256868	-0.00020331881702802016	1.0001391627065161	0.4482489627194655
20.884275436401367	1.0000097022112806	0.00017945356533073778	0.0661429252252562	-0.00017945356533073778	1.0000097022112806	-0.07941212122158206
21.103382110595703	1.0002351170228068	0.00025330291983099626	0.1246563786522942	-0.00025330291983099626	1.0002351170228068	-0.11598364240071701
20.75934410095215	1.000581267490832	0.00013265924695228876	-0.40953159596028077	-0.00013265924695228876	1.000581267490832	0.003562234591119595
20.737171173095703	0.9999993233260239	0.00020002110746292743	0.14068568480298696	-0.00020002110746292743	0.9999993233260239	0.02450397005468767
20.67875862121582	0.999985195584843	7.341411456529686e-05	0.13797146763521395	-7.341411456529686e-05	0.999985195584843	-0.02040031412276111
20.615816116333008	1.0000192180711924	0.00011631859266936489	0.05974200197773499	-0.00011631859266936489	1.0000192180711924	0.3980715511957306
22.825002670288086	0.9999350048557815	0.00019498125570821707	0.1922575409332686	-0.00019498125570821707	0.9999350048557815	0.22609262994289803
20.682573318481445	0.9999355864848448	0.00012639999554491261	0.12211795128014973	-0.00012639999554491261	0.9999355864848448	-0.02672912373393233
20.725011825561523	0.9998791984477581	0.00024429738266396246	0.12725771582901432	-0.00024429738266396246	0.9998791984477581	0.2583165139137562
20.270824432373047	0.9999862581667371	0.0002356100555857189	0.0259009182438939	-0.0002356100555857189	0.9999862581667371	0.03596856177220731
20.30801773071289	1.0001923671597115	0.00017204296789835808	-0.17169523285722876	-0.00017204296789835808	1.0001923671597115	0.06611591448184767
20.8895206451416	1.0004331058443525	0.0003403361121858198	-0.4375634382725886	-0.0003403361121858198	1.0004331058443525	-0.05345951965565365
20.550012588500977	1.0000918281084592	0.0001559739644782302	-0.027536248483041998	-0.0001559739644782302	1.0000918281084592	-0.07429823223214654
21.277189254760742	0.9998625273128784	0.00015812360736461672	0.422625314956361	-0.00015812360736461672	0.9998625273128784	0.5186301175485669
20.660877227783203	1.0000450236991063	8.707422486301677e-05	0.08987575312951793	-8.707422486301677e-05	1.0000450236991063	-0.08981834588995946
20.596027374267578	1.000145515727492	5.905156506114413e-05	0.11013295510360839	-5.905156506114413e-05	1.000145515727492	-0.12007711659392999
21.04949951171875	1.0007862646574897	2.565288301545889e-05	-0.3095871238575364	-2.565288301545889e-05	1.0007862646574897	-0.08245071932756014
20.822525024414062	1.0003146491684503	9.391454406815866e-05	-0.0937179108972976	-9.391454406815866e-05	1.0003146491684503	-0.2178981076185321
21.094560623168945	1.000255774052975	0.0001775738558686571	0.11299339461543459	-0.0001775738558686571	1.000255774052975	0.12002273670335009
20.725488662719727	1.0006041396801013	0.00013804404760252656	-0.24199871649449323	-0.00013804404760252656	1.0006041396801013	-0.03630627003630893
20.975828170776367	1.000640607149021	0.00020135595772699337	-0.36386665155122716	-0.00020135595772699337	1.000640607149021	-0.2258003968578198
21.244525909423828	1.0006577589885528	0.00022083129836681056	-0.3449868950293952	-0.00022083129836681056	1.0006577589885528	-0.2062912801265655
20.989179611206055	1.00057246063026	0.00018799548038347306	-0.20679265702290026	-0.00018799548038347306	1.00057246063026	0.23266602769693862
21.08478546142578	1.0008223500316242	0.00016474451002768857	-0.5387885416624028	-0.00016474451002768857	1.0008223500316242	-0.2587395649466001
20.76125144958496	1.0005825043809005	0.00014008985028761276	-0.17594456352307974	-0.00014008985028761276	1.0005825043809005	-0.3267299247091648
20.799636840820312	1.0001702847827192	6.851950976699659e-05	0.10109532113344338	-6.851950976699659e-05	1.0001702847827192	0.2505464255734029
20.653486251831055	1.0002147149811536	6.06784377532295e-06	0.03327060246305742	-6.06784377532295e-06	1.0002147149811536	-0.1426000216964911
20.728111267089844	1.000336985805864	4.743410449197411e-05	-0.05267761552704852	-4.743410449197411e-05	1.000336985805864	-0.3154871298887283
20.461559295654297	1.0004985831918483	2.718329612018396e-06	-0.24906104257043604	-2.718329612018396e-06	1.0004985831918483	-0.3157432252917936
20.998001098632812	1.00087126678919	5.141457146176897e-05	-0.5595836984802958	-5.141457146176897e-05	1.00087126678919	-0.13161452575834365
20.533084869384766	1.0005646594536846	0.00018839901971838286	-0.39719209639867264	-0.00018839901971838286	1.0005646594536846	-0.21631892596276478
20.876407623291016	1.0006715627652134	0.000412132689738337	-0.42207159375519965	-0.000412132689738337	1.0006715627652134	0.0012440483218863283
20.63131332397461	1.000588809767666	0.0004273286878467299	-0.42505698894503685	-0.0004273286878467299	1.000588809767666	0.28467064618610927
20.63608169555664	1.0004877531542384	0.00024120041135278268	-0.332350533558564	-0.00024120041135278268	1.0004877531542384	-0.10723511386945686
20.7822322845459	1.000806137027545	0.00033036903451016	-0.525634992554481	-0.00033036903451016	1.000806137027545	0.054487101844128416
20.633459091186523	1.0006099141321936	0.00019842148871757292	-0.42055571329143243	-0.00019842148871757292	1.0006099141321936	-0.1758615393473172
20.963430404663086	1.0007523942012648	6.985733046689231e-05	-0.4918245242423624	-6.985733046689231e-05	1.0007523942012648	-0.2567157358904863
20.56741714477539	1.0005206642196252	8.297028018982096e-05	-0.2835150609241542	-8.297028018982096e-05	1.0005206642196252	-0.2530992845662483
24.76191520690918	1.000565328235837	6.14854789790945e-05	-0.2726148761946493	-6.14854789790945e-05	1.000565328235837	-0.26001044797975753
20.903348922729492	1.0009835600886805	-1.882633188737703e-05	-0.5175375588181673	1.882633188737703e-05	1.0009835600886805	-0.49241610632993826
21.327733993530273	1.0007180772489974	2.029833818987178e-05	-0.4367320910054689	-2.029833818987178e-05	1.0007180772489974	-0.19214603302393204
21.039962768554688	1.001024803101206	8.096145562551515e-05	-0.48581600001593195	-8.096145562551515e-05	1.001024803101206	-0.40077889763778474
22.15862274169922	1.0007317840110892	0.00010370423478774373	-0.3555960521749897	-0.00010370423478774373	1.0007317840110892	-0.1773383703437776
20.634174346923828	1.00076948897204	0.00017887743496698116	-0.4203598718590919	-0.00017887743496698116	1.00076948897204	-0.18724191687487285
20.990371704101562	1.0012317975832554	0.0003107397724725729	-0.6588534927547757	-0.0003107397724725729	1.0012317975832554	-0.14581417224207038
20.884037017822266	1.000886615269881	0.00036434192538531695	-0.5204763576588395	-0.00036434192538531695	1.000886615269881	-0.078592169412849
21.184206008911133	1.0011929337466559	0.00039267306462022227	-0.6966949462760954	-0.00039267306462022227	1.0011929337466559	-0.1335005447485813
20.982027053833008	1.0009790747194522	0.0004062346613969576	-0.5540418502696873	-0.0004062346613969576	1.0009790747194522	-0.05336896533257651
21.0111141204834	1.000916102111576	0.00038722749052040644	-0.44483127119494437	-0.00038722749052040644	1.000916102111576	-0.09067657280248982
21.75736427307129	1.0010591704748735	0.00033133850008551285	-0.5423692005031371	-0.00033133850008551285	1.0010591704748735	-0.1086982054088721
21.4846134185791	1.0009320790695393	0.00019364156960108986	-0.5231233352237137	-0.00019364156960108986	1.0009320790695393	-0.3020365985649476
21.91329002380371	1.001013516351276	0.00026519805490804774	-0.6358377296837143	-0.00026519805490804774	1.001013516351276	-0.2892862342568736
21.12865447998047	1.0012439521096987	0.00017483675551028264	-0.8119459666728784	-0.00017483675551028264	1.0012439521096987	-0.29796165166767913
21.340608596801758	1.0010219320000615	7.81319989468399e-06	-0.6407984096886243	-7.81319989468399e-06	1.0010219320000615	-0.3692519398482013
21.835803985595703	1.0008755437912442	7.566691782986722e-05	-0.5287696821122054	-7.566691782986722e-05	1.0008755437912442	-0.2609220447259643
21.326303482055664	1.0012246225101848	0.00013229322894553594	-0.7815097264609772	-0.00013229322894553594	1.0012246225101848	-0.28926700327895005
21.733999252319336	1.0011199426809758	0.00011175914395626413	-0.9037144539893227	-0.00011175914395626413	1.0011199426809758	-0.13737321431644922
21.34394645690918	1.0009952085351626	0.00024082382307416588	-0.7300290896089633	-0.00024082382307416588	1.0009952085351626	-0.14361694272243794
22.043943405151367	1.001494574249089	0.0003978061324906964	-1.0439816336643872	-0.0003978061324906964	1.001494574249089	-0.24677730834254918
22.113800048828125	1.000662006764708	0.0002396245888227957	-0.6026184816462516	-0.0002396245888227957	1.000662006764708	-0.016082539564028126
21.513938903808594	1.0010426969909987	0.00029933806873566095	-0.7557870825150051	-0.00029933806873566095	1.0010426969909987	-0.1431522301795055
22.121191024780273	1.0006846278055819	0.0002541166195879923	-0.49663491584592784	-0.0002541166195879923	1.0006846278055819	-0.06736860747407881
21.3320255279541	1.001002534792582	0.00019069000452961445	-0.7991558076006594	-0.00019069000452961445	1.001002534792582	-0.37511389138021356
21.25382423400879	1.0010315038177824	0.00017261923962437844	-0.8495085686639686	-0.00017261923962437844	1.0010315038177824	-0.37196328966035713
21.90709114074707	1.001512660843018	0.00026389450287609795	-0.8841036322004443	-0.00026389450287609795	1.001512660843018	-0.29954627059541217
21.29673957824707	1.0009436886401184	1.863865123326521e-05	-0.7596210110790753	-1.863865123326521e-05	1.0009436886401184	-0.46811889044929655
21.88396453857422	1.0015318605488255	0.00021117115997055147	-0.9277594263830515	-0.00021117115997055147	1.0015318605488255	-0.46523590722196495
21.141767501831055	1.0007997416561067	0.00011744964585083683	-0.7225474171423507	-0.00011744964585083683	1.0007997416561067	-0.2023625136843666
21.325111389160156	1.0009580820513408	0.0003145958403332463	-0.8003568860982762	-0.0003145958403332463	1.0009580820513408	-0.07530324921400067
22.15123176574707	1.0008045884588619	0.00011712511586290267	-0.602754078112985	-0.00011712511586290267	1.0008045884588619	-0.23605497413324628
21.300554275512695	1.0006860843253687	0.00010219557588542421	-0.5570381253278519	-0.00010219557588542421	1.0006860843253687	-0.13875664222666823
22.05967903137207	1.0008103810685982	0.00019877152560919884	-0.6546508947661217	-0.00019877152560919884	1.0008103810685982	-0.03343842581414358
21.340370178222656	1.0006305515329117	0.00015079248096330826	-0.5814502903421327	-0.00015079248096330826	1.0006305515329117	-0.10974436817453567
21.199464797973633	1.0007483265792918	0.0002315895984214253	-0.6438431567125876	-0.0002315895984214253	1.0007483265792918	-0.06548567476920036
21.77906036376953	1.0006044020762543	0.00022847254869180251	-0.47555429648084985	-0.00022847254869180251	1.0006044020762543	-0.031024615846730094
21.184682846069336	1.0004545638910345	7.22292159140169e-05	-0.4390825014643397	-7.22292159140169e-05	1.0004545638910345	-0.23317467392590518
21.43406867980957	1.0006298368034874	8.43071354255788e-05	-0.4271406911213463	-8.43071354255788e-05	1.0006298368034874	-0.2666366651042047
21.348953247070312	1.0005898112602862	0.00017581839391543166	-0.35698463953389803	-0.00017581839391543166	1.0005898112602862	-0.1778496901466407
21.29077911376953	1.0005656618396872	0.0002220288642054432	-0.3358786071924676	-0.0002220288642054432	1.0005656618396872	-0.18376776478918216
21.81720733642578	1.0004800894321624	0.00014587878871803172	-0.2773221702151748	-0.00014587878871803172	1.0004800894321624	0.02285171982955616
21.281003952026367	1.000552083141156	0.00010712744674738765	-0.46430759071634625	-0.00010712744674738765	1.000552083141156	-0.12643923151852135
21.517276763916016	1.0004061717476753	7.584426146089112e-05	-0.049452588595749025	-7.584426146089112e-05	1.0004061717476753	-0.07756927717112944
20.882844924926758	1.000485578377602	0.00012313889545956637	-0.28771716276948356	-0.00012313889545956637	1.000485578377602	-0.13076445821320873
20.9500789642334	1.000464496134026	0.00012822442547444292	-0.23579850329588686	-0.00012822442547444292	1.000464496134026	-0.0828181273909295
21.175861358642578	1.0005465167870131	0.00015004578835432232	-0.2875304711072466	-0.00015004578835432232	1.0005465167870131	-0.15106224821173608
20.976543426513672	1.0004109961352987	0.00012209653532977628	-0.30837275510346024	-0.00012209653532977628	1.0004109961352987	-0.0710991857101818
21.32582664489746	1.0005923308849607	0.00015522850818767416	-0.3551021010967729	-0.00015522850818767416	1.0005923308849607	-0.16423455024604744
20.709991455078125	1.0005166538811545	0.00017593950203039917	-0.2684789824961404	-0.00017593950203039917	1.0005166538811545	-0.01706925053809096
20.727872848510742	1.0005081539351397	0.00022071200400229657	-0.2772782491355037	-0.00022071200400229657	1.0005081539351397	-0.009018340829762161
21.03447914123535	1.0007417178998577	0.00019036297327860286	-0.36666944098028115	-0.00019036297327860286	1.0007417178998577	-0.15545909463916419
20.589113235473633	1.0005462882853102	0.00020221019580099838	-0.3535802651780689	-0.00020221019580099838	1.0005462882853102	-0.10032872054711686
21.184682846069336	1.000444973783667	0.0001854887677789669	-0.24170170525563509	-0.0001854887677789669	1.000444973783667	-0.06721628278439162
20.958900451660156	1.000531528127654	0.00011139290686765812	-0.5388020839508224	-0.00011139290686765812	1.000531528127654	-0.1700081669032112
21.02065086364746	1.0005929926739667	0.00015837052854535236	-0.4832463865816322	-0.00015837052854535236	1.0005929926739667	-0.09924474182425191
22.009611129760742	1.0006236794996433	0.0001657184964265562	-0.27371984480925643	-0.0001657184964265562	1.0006236794996433	-0.1481281228325391
20.839929580688477	1.0006597804410324	-1.456154361705104e-05	-0.6306849114348012	1.456154361705104e-05	1.0006597804410324	-0.22250905606961335
21.09384536743164	1.0005628230701435	3.11307807960066e-05	-0.22329143343861874	-3.11307807960066e-05	1.0005628230701435	-0.17260669996676867
20.657062530517578	1.000578343605985	3.905104566746847e-06	-0.501332566159656	-3.905104566746847e-06	1.000578343605985	-0.22523005030752224
20.612478256225586	1.0006676808275892	-7.609216374970081e-05	-0.6024623535341671	7.609216374970081e-05	1.0006676808275892	-0.3553540744637084
21.077632904052734	1.0006672817983924	-6.428675227102576e-05	-0.33812900035320775	6.428675227102576e-05	1.0006672817983924	-0.32633856480671586
20.635604858398438	1.0006539215134804	0.00011489976682849273	-0.33895561065145546	-0.00011489976682849273	1.0006539215134804	-0.2606001955877391
21.23260498046875	1.0006773087321064	0.00011825051826628914	-0.34163409255807375	-0.00011825051826628914	1.0006773087321064	-0.12026329038290613
20.957231521606445	1.0005106402527328	0.0001620782989977776	-0.3433732666347728	-0.0001620782989977776	1.0005106402527328	-0.18304168784830568
20.944833755493164	1.0007101310493114	0.000106572550013225	-0.4012247858863252	-0.000106572550013225	1.0007101310493114	-0.3274783777678403
21.462202072143555	1.0005186825206467	0.00011408664971452298	-0.2720237044430363	-0.00011408664971452298	1.0005186825206467	-0.10558908110930613
21.8503475189209	1.0004121509350048	0.0002097373007722116	0.1474825410049645	-0.0002097373007722116	1.0004121509350048	-0.047208456771574925
21.574735641479492	1.0006116842538835	0.00017282344680468007	-0.3338562064159838	-0.00017282344680468007	1.0006116842538835	-0.09094537973926253
20.90930938720703	1.0005409935368856	0.00021320004256026242	-0.2842821090764378	-0.00021320004256026242	1.0005409935368856	-0.03159924515496426
20.90144157409668	1.0005274216744688	0.0001193318937257953	-0.27966058209510686	-0.0001193318937257953	1.0005274216744688	-0.12454257835030394
21.52538299560547	1.0005801274790218	-2.487278073272016e-05	-0.2265993999650041	2.487278073272016e-05	1.0005801274790218	-0.2047067115503004
21.096467971801758	1.000445898492282	0.00011812478467702657	-0.3027844815769099	-0.00011812478467702657	1.000445898492282	-0.120150973819682
21.01302146911621	1.0004020819044748	0.0002518677882171793	0.033614660874888666	-0.0002518677882171793	1.0004020819044748	0.16516712286339025
22.71294593811035	1.0006956335953516	6.827415420393425e-05	-0.38543200599057387	-6.827415420393425e-05	1.0006956335953516	-0.20157628893613785
20.87116241455078	1.0004381128359054	0.00023081342635423793	-0.00818185962160245	-0.00023081342635423793	1.0004381128359054	-0.012569107750689028
21.44932746887207	1.0007904516229928	0.00016804255546420979	-0.580858096565335	-0.00016804255546420979	1.0007904516229928	-0.13615017013408062
21.011829376220703	1.0004484256790585	0.000222331051041216	0.15505086988428474	-0.000222331051041216	1.0004484256790585	-0.03811811754435723
20.977020263671875	1.00049189039896	0.0001165079429169766	-0.2105994032762541	-0.0001165079429169766	1.00049189039896	-0.04191739789007372
21.546602249145508	1.0005283191352234	0.00030368225759760535	-0.19906408422610425	-0.00030368225759760535	1.0005283191352234	-0.0811699473100199
20.969152450561523	1.0003903847836693	0.00024234191717044444	-0.2597131395604789	-0.00024234191717044444	1.0003903847836693	0.14709212770581545
21.390914916992188	1.0004865951620523	0.00016254033671906403	-0.3148183247490576	-0.00016254033671906403	1.0004865951620523	-0.17069588421499723
21.040678024291992	1.0004411791524124	0.00017031019714579883	-0.07752221893864242	-0.00017031019714579883	1.0004411791524124	0.01732020110231866
21.065711975097656	1.0004576454760228	0.00019563203265112172	-0.1560207831596298	-0.00019563203265112172	1.0004576454760228	0.03727103195272105
21.64006233215332	1.0003893799679995	-5.984403360239185e-05	-0.3113694398775305	5.984403360239185e-05	1.0003893799679995	-0.24375206441069266
21.42810821533203	1.0005365068962424	3.6150393759061846e-05	-0.1543591389341376	-3.6150393759061846e-05	1.0005365068962424	-0.00922319152544969
21.82602882385254	1.000589255154901	1.3376816082114343e-05	-0.3341530712413898	-1.3376816082114343e-05	1.000589255154901	-0.22730556019864778
21.337509155273438	1.00033166343494	5.853698339528153e-05	0.0031989074152208863	-5.853698339528153e-05	1.00033166343494	-0.05757927909866245
21.408796310424805	1.0002468968160054	-6.781278382935255e-05	0.022504805017467697	6.781278382935255e-05	1.0002468968160054	-0.1339059379588502
22.109508514404297	1.0004403906346695	9.007063293842717e-05	-0.15869070371657049	-9.007063293842717e-05	1.0004403906346695	-0.07649542003067941
21.43263816833496	1.000329044220115	0.00016694793542606422	-0.07917678775317501	-0.00016694793542606422	1.000329044220115	0.009493065040528879
22.19390869140625	1.0005094570652033	0.00020457454507905991	-0.3674091334715903	-0.00020457454507905991	1.0005094570652033	-0.00132134748795594
23.469209671020508	1.000303406280851	0.0005133169872468485	0.2943862524605787	-0.0005133169872468485	1.000303406280851	0.3195106376495811
21.811723709106445	1.0001644760882258	0.00017228205907645933	0.21386094637297692	-0.00017228205907645933	1.0001644760882258	0.05376552507450412
22.22299575805664	1.0001379081190194	0.000187904684205881	-0.053902814273002	-0.000187904684205881	1.0001379081190194	0.20998454732595073
21.751880645751953	1.000158815014341	0.00022792566047297682	0.206606506613537	-0.00022792566047297682	1.000158815014341	0.12947517027864305
22.74608612060547	1.000300679392995	0.00032835523740785565	0.047474404253582625	-0.00032835523740785565	1.000300679392995	0.2540040153970073
21.735191345214844	0.9998603798259277	9.126113805845655e-05	0.3371408273550272	-9.126113805845655e-05	0.9998603798259277	0.06875928971002054
21.722078323364258	0.9998027304190799	-9.310860171230742e-06	0.5233105178224533	9.310860171230742e-06	0.9998027304190799	0.03622749681079607
23.14472198486328	0.9997088517289578	-8.025507159309625e-05	0.5882231009681427	8.025507159309625e-05	0.9997088517289578	-0.05557910152324519
21.788358688354492	0.9995469927949623	-4.435320495619168e-05	0.8680215954901482	4.435320495619168e-05	0.9995469927949623	0.07568691285551565
23.01955223083496	0.999993204238664	-4.304118150433369e-06	0.14537071816833735	4.304118150433369e-06	0.999993204238664	0.08273938919142798
21.825790405273438	0.9995999347998014	0.00022278195362933402	0.2503529620586816	-0.00022278195362933402	0.9995999347998014	0.356702801997479
22.183895111083984	0.9995627707081108	8.360199368814976e-05	0.4110407044609365	-8.360199368814976e-05	0.9995627707081108	0.22207326267467975
22.482872009277344	1.0000075601844374	1.8930484789590768e-05	0.13778965366525434	-1.8930484789590768e-05	1.0000075601844374	0.02301848009104415
21.970748901367188	0.9994204328152594	-2.8004482793000658e-05	0.5316970097065044	2.8004482793000658e-05	0.9994204328152594	0.22815639114090133
22.557973861694336	1.000261326001284	6.644781329897342e-05	-0.019191215328381857	-6.644781329897342e-05	1.000261326001284	-0.1514891919945853
21.87490463256836	0.9998492988628105	0.0001185697262695495	0.32735331440229937	-0.0001185697262695495	0.9998492988628105	0.2839124530443957
21.413564682006836	0.9999884499281224	0.00014728545590101625	0.16182147431544233	-0.00014728545590101625	0.9999884499281224	0.07457478695866783
22.220849990844727	1.0003247933824087	0.00016196628030840535	-0.19280053225317853	-0.00016196628030840535	1.0003247933824087	-0.01741605738076739
22.969961166381836	0.999947018223187	2.9489313739088062e-05	0.28813276949909045	-2.9489313739088062e-05	0.999947018223187	-0.017784576343919088
23.373842239379883	0.9999465731982741	6.141586380674668e-05	0.06323250464443479	-6.141586380674668e-05	0.9999465731982741	0.10710520675847986
21.783828735351562	1.0000675089543167	8.262073960571053e-05	0.25936292034251934	-8.262073960571053e-05	1.0000675089543167	0.08644980376300741
21.84581756591797	1.000141358023575	0.0002348541347762347	0.2192311187693603	-0.0002348541347762347	1.000141358023575	0.1188114076908306
22.457599639892578	1.0002987950828293	0.00011339463744729607	0.0066889600387907144	-0.00011339463744729607	1.0002987950828293	-0.001554854017077556
21.750211715698242	1.0000627123806136	-1.854478989225534e-06	0.3346526048718671	1.854478989225534e-06	1.0000627123806136	-0.030994733472821057
22.22752571105957	1.0003694020754845	9.589326977383895e-05	-0.06564988950303163	-9.589326977383895e-05	1.0003694020754845	-0.04825588498113609
21.311521530151367	1.0000619248352263	2.195561453965509e-05	0.324303182871955	-2.195561453965509e-05	1.0000619248352263	-0.10520101670363202
21.54064178466797	1.0001783817942043	0.00011926359279041593	0.2647279892399033	-0.00011926359279041593	1.0001783817942043	-0.0553979252199363
21.94046974182129	1.0003383506010242	9.003211626336892e-05	-0.021328213883480357	-9.003211626336892e-05	1.0003383506010242	-0.07176331999150776
21.414756774902344	1.0001874058921214	9.547651252056996e-05	0.2126957628442011	-9.547651252056996e-05	1.0001874058921214	-0.05809649879524773
21.699905395507812	1.0004334444504592	0.00016603583816391493	-0.18896456744603135	-0.00016603583816391493	1.0004334444504592	-0.08759709288465277
21.16227149963379	1.0001292595731917	9.944664439072192e-05	0.268598919243488	-9.944664439072192e-05	1.0001292595731917	0.01744595805243545
21.252155303955078	0.9998029633179283	8.026898525689061e-05	0.7525281276086169	-8.026898525689061e-05	0.9998029633179283	0.19799600918518803
21.715879440307617	1.0003047419227042	0.00014829524880226587	-0.10174477785945191	-0.00014829524880226587	1.0003047419227042	-0.12202438954065124
21.219968795776367	1.000158691606351	0.00010189877707761522	0.1850539026634008	-0.00010189877707761522	1.000158691606351	0.0017533978827160765
21.624326705932617	1.0001884555277714	5.23055393662386e-05	0.0012016762873382225	-5.23055393662386e-05	1.0001884555277714	-0.03558269035640614
21.065950393676758	1.0000039037828425	6.557104700947318e-05	0.20749954818891286	-6.557104700947318e-05	1.0000039037828425	0.15235670832011716
20.99013328552246	1.0000497430021247	8.962760335660628e-05	0.18020937185760746	-8.962760335660628e-05	1.0000497430021247	0.044899326930462787
21.99578285217285	1.0001863030041351	2.1314695718666812e-05	0.08379962651470266	-2.1314695718666812e-05	1.0001863030041351	0.0399528531191287
21.488428115844727	0.9999872262160934	0.00017540457875391574	0.14443391502910358	-0.00017540457875391574	0.9999872262160934	0.20637633823644844
22.16649055480957	1.0001690632011873	0.000140258917486669	0.13930260122617621	-0.000140258917486669	1.0001690632011873	0.010244528901626956
21.407365798950195	1.000017637932829	0.00020373600765037853	0.41683411312114715	-0.00020373600765037853	1.000017637932829	0.23232359754725324
21.312236785888672	0.9998058188996319	0.00018802534254261225	0.703690500417775	-0.00018802534254261225	0.9998058188996319	0.1781765141341749
21.962881088256836	1.0001526152034141	0.00016979324072751123	0.002742232618158229	-0.00016979324072751123	1.0001526152034141	0.09339036266970357
21.320104598999023	0.9998555550227577	0.00010494550747516202	0.6521689992353095	-0.00010494550747516202	0.9998555550227577	0.18193714421754173
22.258758544921875	1.0003612726719158	0.0002671360206633581	0.24231231604497827	-0.0002671360206633581	1.0003612726719158	0.3600392148982272
21.415233612060547	0.9999673745039691	9.9761319712132e-05	0.590178801364571	-9.9761319712132e-05	0.9999673745039691	0.011994656627514002
21.398544311523438	1.0000466507779668	0.0001008308197900059	0.4496092088794465	-0.0001008308197900059	1.0000466507779668	0.11301758547603032
22.083282470703125	1.000314469952983	0.00020015178481540402	0.06991619003156238	-0.00020015178481540402	1.000314469952983	0.04401394380760439
21.082401275634766	1.000023219289209	0.00017133964503413847	0.3754944876599915	-0.00017133964503413847	1.000023219289209	0.24549567062370747
21.962642669677734	1.0000883865160788	0.00010053097197722477	0.1749303030008073	-0.00010053097197722477	1.0000883865160788	0.055581273992908686
21.43096923828125	1.0000324401046463	0.00020784579465928682	0.31348690586875366	-0.00020784579465928682	1.0000324401046463	0.27896649380229904
21.455764770507812	0.9998677161980088	0.0002939195223660685	0.5098206166235327	-0.0002939195223660685	0.9998677161980088	0.37169753560671737
22.10855484008789	0.9999792704794487	1.0813825399952522e-05	0.18740887737062933	-1.0813825399952522e-05	0.9999792704794487	0.16654510382184828
22.050857543945312	1.0000150318401149	0.00014956524886562884	0.2020074624292259	-0.00014956524886562884	1.0000150318401149	0.33460740142820133
22.469282150268555	1.0000331088279373	0.00024568376364467675	0.15555933760625967	-0.00024568376364467675	1.0000331088279373	0.3638862953867843
23.39005470275879	1.0000222406244206	0.0001739503658216489	0.33784414237810484	-0.0001739503658216489	1.0000222406244206	0.05370783268418711
21.221160888671875	1.0000106344207262	0.00021216677716358304	0.37143352852275646	-0.00021216677716358304	1.0000106344207262	0.18669198998689127
21.51203155517578	1.0001344697380312	8.689445495888187e-05	0.055149658420200504	-8.689445495888187e-05	1.0001344697380312	0.014804977559067789
21.27861976623535	0.9999687082892328	2.0866090861368e-05	0.3815145027700195	-2.0866090861368e-05	0.9999687082892328	-0.09966570795270084
22.202491760253906	1.0003519618685044	0.00012634067918127287	0.037337040733673374	-0.00012634067918127287	1.0003519618685044	-0.24658731525223998
21.313905715942383	0.9999643025355814	2.6899740359181787e-06	0.3759664280970663	-2.6899740359181787e-06	0.9999643025355814	0.03504082683485206
21.571874618530273	0.9998734492661799	8.476672687114979e-05	0.49951307122907335	-8.476672687114979e-05	0.9998734492661799	0.42504797471247335
22.043704986572266	1.000197873100267	6.531983226549853e-05	0.1257835036326239	-6.531983226549853e-05	1.000197873100267	0.03652221398198166
21.11959457397461	0.9999158410434565	7.48921280780897e-05	0.32269980325805164	-7.48921280780897e-05	0.9999158410434565	0.2237658176680566
21.805524826049805	0.9999349376992192	0.00020134097406521645	0.38544883044341205	-0.00020134097406521645	0.9999349376992192	-0.10440310762184812
21.146535873413086	0.9999116517911659	6.410903824203347e-05	0.3646550873274087	-6.410903824203347e-05	0.9999116517911659	0.21779474275993704
21.066665649414062	1.0000985911468645	4.7778626081007597e-05	0.1660621205825039	-4.7778626081007597e-05	1.0000985911468645	0.03205614410842835
22.2318172454834	1.0001612021580537	0.00023676612549132563	0.04386684481235151	-0.00023676612549132563	1.0001612021580537	0.6701455140149032
20.990848541259766	0.9998329217541511	0.0001520737846843954	0.3853256188430578	-0.0001520737846843954	0.9998329217541511	0.23770488752712546
21.27385139465332	1.000178067384377	0.00010828923019068773	0.035200489520253314	-0.00010828923019068773	1.000178067384377	0.3185861024872342
21.669864654541016	1.0003019464065215	0.00018083615195534542	-0.13227626246437918	-0.00018083615195534542	1.0003019464065215	0.2540298858535839
22.055625915527344	0.99999530282484	-1.720044291667981e-05	0.22552807443028605	1.720044291667981e-05	0.99999530282484	0.1560221106088534
21.44908905029297	1.0003145471473933	-6.745341785241248e-05	-0.054413350773101096	6.745341785241248e-05	1.0003145471473933	0.05115252214254308
20.83444595336914	1.0000587977169606	-4.576306904183051e-05	0.240239650490767	4.576306904183051e-05	1.0000587977169606	-0.09317174266103201
20.908832550048828	1.0000439112369466	-1.305479912510802e-05	-0.0288313073468449	1.305479912510802e-05	1.0000439112369466	0.13450157237924282
21.335363388061523	1.0002995642559733	2.1594359519501264e-05	-0.07745173259742227	-2.1594359519501264e-05	1.0002995642559733	-0.14798447339785886
20.915746688842773	1.0001355316280072	4.825298955776216e-05	0.008958061389750402	-4.825298955776216e-05	1.0001355316280072	0.012569494036203322
21.342039108276367	1.0002370883968152	0.00012642980846986376	-0.14256580851314435	-0.00012642980846986376	1.0002370883968152	0.02487855746435605
21.118879318237305	1.0001189163791981	-2.3971455344217848e-05	0.15603109221913575	2.3971455344217848e-05	1.0001189163791981	-0.41255672716540587
21.114110946655273	1.0001693541046106	8.476677909696467e-05	0.027797456633092438	-8.476677909696467e-05	1.0001693541046106	0.3679886552586547
